0
0.033335
0.066672
0.100009
0.133344
0.166681
0.200016
0.233352
0.266689
0.300025
0.333362
0.366697
0.400033
0.433369
0.466706
0.500042
0.533378
0.566714
0.60005
0.633386
0.666722
0.700059
0.733395
0.766731
0.800067
0.833403
0.86674
0.900076
0.933412
0.966748
1.000084
1.03342
1.066756
1.100093
1.133429
1.166765
1.2001
1.233437
1.266773
1.300109
1.333445
1.366782
1.400117
1.433454
1.46679
1.500126
1.533462
1.566798
1.600134
1.633471
1.666807
1.700143
1.733479
1.766815
1.800151
1.833488
1.866824
1.90016
1.933499
1.966832
2.000169
2.033505
2.066841
2.100177
2.133513
2.166849
2.200185
2.233521
2.266858
2.300194
2.333529
2.366866
2.400202
2.433538
2.466875
2.50021
2.533547
2.566883
2.600219
2.633556
2.666891
2.700227
2.733563
2.766899
2.800236
2.833572
2.866908
2.900244
2.93358
2.966916
3.000252
3.033589
3.066925
3.100261
3.133597
3.166933
3.20027
3.233606
3.266942
3.300278
3.333614
3.36695
3.400286
3.433623
3.466959
3.500294
3.53363
3.566967
3.600303
3.63364
3.666975
3.700311
3.733648
3.766984
3.80032
3.833656
3.866992
3.900328
3.933665
3.967001
4.000337
4.033673
4.067009
4.100345
4.133681
4.167017
4.200354
4.23369
4.267026
4.300362
4.333698
4.367035
4.400373
4.433707
4.467043
4.500379
4.533715
4.567052
4.600388
4.633723
4.667059
4.700396
4.733732
4.767068
4.800404
4.83374
4.867076
4.900413
4.933749
4.967085
5.000421
5.033757
5.067094
5.10043
5.133766
5.167102
5.200438
5.233774
5.26711
5.300446
5.333782
5.367119
5.400455
5.433791
5.467127
5.500463
5.5338
5.567136
5.600472
5.633808
5.667144
5.700481
5.733817
5.767153
5.800488
5.833825
5.867161
5.9005
5.933833
5.967169
6.000505
6.033841
6.067178
6.100514
6.13385
6.167186
6.200522
6.233859
6.267195
6.300531
6.333867
6.367203
6.400539
6.433875
6.467211
6.500548
6.533884
6.56722
6.600556
6.633892
6.667228
6.700565
6.733901
6.767237
6.800573
6.833909
6.867246
6.900582
6.933919
6.967253
7.00059
7.033926
7.067262
7.100598
7.133934
7.16727
7.200606
7.233943
7.267279
7.300615
7.333951
7.367287
7.400623
7.43396
7.467296
7.500632
7.533968
7.567304
7.60064
7.633977
7.667313
7.700649
7.733985
7.767321
7.800657
7.833993
7.867329
7.900666
7.934002
7.967338
8.000674
8.03401
8.067347
8.100682
8.134018
8.167355
8.200691
8.234027
8.267363
8.300699
8.334035
8.367375
8.400707
8.434044
8.46738
8.500716
8.534052
8.567389
8.600725
8.634061
8.667397
8.700733
8.734069
8.767405
8.800742
8.834078
8.867414
8.90075
8.934086
8.967422
9.000759
9.034094
9.067431
9.100767
9.134102
9.167439
9.200776
9.234112
9.267447
9.300783
9.33412
9.367456
9.400792
9.434128
9.467464
9.5008
9.534136
9.567473
9.600809
9.634145
9.667481
9.700817
9.734154
9.76749
9.800826
9.834162
9.867498
9.900834
9.93417
9.967506
10.000843
10.034179
10.067515
10.100851
10.134187
10.167523
10.200859
10.234195
10.267532
10.300867
10.334204
10.367541
10.400876
10.434212
10.467548
10.500884
10.534221
10.567557
10.600893
10.634229
10.667565
10.700901
10.734238
10.767574
10.80091
10.834249
10.867582
10.900919
10.934255
10.967591
11.000927
11.034263
11.067599
11.100935
11.134271
11.167608
11.200944
11.234279
11.267616
11.300952
11.334288
11.367625
11.40096
11.434296
11.467633
11.500969
11.534306
11.567641
11.600977
11.634313
11.66765
11.700986
11.734322
11.767658
11.800994
11.83433
11.867666
11.901003
11.934339
11.967675
12.001011
12.034347
12.067683
12.10102
12.134356
12.167692
12.201028
12.234364
12.2677
12.301036
12.334373
12.367709
12.401044
12.43438
12.467717
12.501053
12.53439
12.567725
12.601061
12.634398
12.667734
12.70107
12.734406
12.767742
12.801078
12.834415
12.867751
12.901087
12.934423
12.967759
13.001095
13.034431
13.067767
13.101104
13.13444
13.167776
13.201112
13.234448
13.267785
13.301123
13.334457
13.367793
13.401129
13.434465
13.467802
13.501138
13.534473
13.567809
13.601146
13.634482
13.667818
13.701154
13.73449
13.767826
13.801163
13.834499
13.867835
13.901171
13.934507
13.967843
14.00118
14.034516
14.067852
14.101188
14.134524
14.16786
14.201196
14.234532
14.267869
14.301205
14.334541
14.367877
14.401213
14.43455
14.467886
14.501222
14.534558
14.567894
14.60123
14.634567
14.667903
14.701238
14.734574
14.767911
14.80125
14.834583
14.867919
14.901255
14.934591
14.967928
15.001264
15.0346
15.067936
15.101272
15.134608
15.167945
15.201281
15.234617
15.267953
15.301289
15.334625
15.367961
15.401297
15.434634
15.46797
15.501306
15.534642
15.567978
15.601315
15.634651
15.667987
15.701323
15.734659
15.767995
15.801332
15.834668
15.868003
15.90134
15.934676
15.968012
16.001348
16.034684
16.06802
16.101356
16.134692
16.168029
16.201365
16.234701
16.268037
16.301373
16.33471
16.368046
16.401382
16.434718
16.468054
16.50139
16.534726
16.568062
16.601399
16.634735
16.66807
16.701407
16.734743
16.76808
16.801416
16.834751
16.868088
16.901424
16.93476
16.968097
17.001432
17.034768
17.068105
17.101441
17.134777
17.168113
17.201449
17.234785
17.268125
17.301457
17.334794
17.36813
17.401466
17.434802
17.468138
17.501475
17.534811
17.568147
17.601483
17.634819
17.668155
17.701491
17.734828
17.768164
17.8015
17.834835
17.868172
17.901509
17.934844
17.968181
18.001516
18.034853
18.068189
18.101525
18.134862
18.168197
18.201533
18.234869
18.268206
18.301542
18.334878
18.368214
18.40155
18.434886
18.468222
18.501558
18.534895
18.568231
18.601567
18.634903
18.66824
18.701576
18.734912
18.768248
18.801584
18.83492
18.868256
18.901593
18.934929
18.968265
19.0016
19.034937
19.068273
19.101609
19.134945
19.168281
19.201617
19.234954
19.26829
19.301626
19.334962
19.368298
19.401634
19.434971
19.468307
19.501643
19.534979
19.568315
19.601651
19.634987
19.668323
19.70166
19.734999
19.768332
19.801669
19.835005
19.868341
19.901677
19.935013
19.968349
20.001685
20.035021
20.068358
20.101694
20.135029
20.168365
20.201702
20.235038
20.268375
20.30171
20.335046
20.368383
20.401719
20.435055
20.468391
20.501727
20.535063
20.568399
20.601736
20.635072
20.668408
20.701744
20.73508
20.768416
20.801753
20.83509
20.868425
20.901761
20.935097
20.968433
21.001769
21.035106
21.068442
21.101778
21.135114
21.16845
21.201786
21.235125
21.268459
21.301794
21.33513
21.368466
21.401803
21.435139
21.468475
21.501811
21.535148
21.568484
21.60182
21.635156
21.668492
21.701828
21.735164
21.7685
21.801837
21.835173
21.868509
21.901845
21.935181
21.968517
22.001853
22.03519
22.068526
22.101862
22.135198
22.168535
22.201871
22.235207
22.268543
22.301878
22.335215
22.368551
22.401887
22.435223
22.468559
22.501895
22.535232
22.568568
22.601904
22.63524
22.668576
22.701913
22.735249
22.768585
22.801921
22.835257
22.868593
22.901929
22.935265
22.968602
23.001938
23.035274
23.06861
23.101946
23.135282
23.168618
23.201955
23.235291
23.268627
23.301963
23.3353
23.368636
23.401972
23.435307
23.468644
23.50198
23.535316
23.568652
23.601988
23.635324
23.66866
23.702
23.735333
23.768669
23.802005
23.835341
23.868678
23.902014
23.93535
23.968686
24.002022
24.035358
24.068694
24.10203
24.135367
24.168703
24.202039
24.235375
24.268711
24.302047
24.335384
24.368719
24.402056
24.435392
24.468727
24.502065
24.535401
24.568737
24.602072
24.635408
24.668745
24.702081
24.735417
24.768753
24.802089
24.835425
24.868761
24.902098
24.935434
24.96877
25.002106
25.035442
25.068779
25.102115
25.135451
25.168787
25.202123
25.235459
25.268795
25.302131
25.335468
25.368804
25.40214
25.435476
25.468812
25.502148
25.535485
25.56882
25.602157
25.635492
25.668829
25.702166
25.735501
25.768837
25.802173
25.83551
25.868846
25.902182
25.935518
25.968854
26.00219
26.035526
26.068863
26.102199
26.135535
26.168874
26.202207
26.235544
26.26888
26.302216
26.335552
26.368888
26.402224
26.43556
26.468896
26.502233
26.535569
26.568904
26.602241
26.635577
26.668913
26.70225
26.735585
26.768922
26.802258
26.835594
26.868931
26.902266
26.935602
26.968938
27.002274
27.035611
27.068947
27.102283
27.135619
27.168955
27.202291
27.235628
27.268964
27.3023
27.335636
27.368972
27.402309
27.435645
27.468981
27.502317
27.535653
27.568989
27.602325
27.635661
27.668998
27.702334
27.735669
27.769005
27.802342
27.835678
27.869015
27.90235
27.935686
27.969023
28.002359
28.035695
28.069031
28.102367
28.135704
28.169039
28.202376
28.235712
28.269048
28.302384
28.33572
28.369056
28.402392
28.435729
28.469065
28.502401
28.535737
28.569073
28.60241
28.635748
28.669082
28.702418
28.735754
28.76909
28.802426
28.835762
28.869098
28.902434
28.93577
28.969107
29.002443
29.035779
29.069115
29.102451
29.135788
29.169124
29.20246
29.235796
29.269132
29.302468
29.335804
29.369141
29.402477
29.435813
29.469149
29.502485
29.535821
29.569157
29.602494
29.63583
29.669166
29.702502
29.735838
29.769175
29.802511
29.835847
29.869183
29.902519
29.935855
29.969191
30.002527
30.035863
30.069199
30.102535
30.135875
30.169208
30.202544
30.23588
30.269216
30.302553
30.335889
30.369225
30.402561
30.435897
30.469233
30.502569
30.535906
30.569242
30.602578
30.635914
30.66925
30.702586
30.735922
30.769259
30.802595
30.835931
30.869267
30.902603
30.93594
30.969276
31.002612
31.035947
31.069284
31.10262
31.135956
31.169292
31.202628
31.235964
31.2693
31.302636
31.335973
31.369309
31.402645
31.435981
31.469317
31.502654
31.53599
31.569326
31.602662
31.635998
31.669334
31.702671
31.736007
31.769343
31.802679
31.836015
31.869351
31.902687
31.936023
31.96936
32.002695
32.036032
32.069367
32.102705
32.136041
32.169376
32.202713
32.236049
32.269385
32.302721
32.336057
32.369393
32.402729
32.436065
32.469401
32.502738
32.536074
32.56941
32.602749
32.636082
32.669419
32.702755
32.736091
32.769427
32.802763
32.836099
32.869435
32.902772
32.936108
32.969444
33.002779
33.036116
33.069452
33.102788
33.136125
33.16946
33.202797
33.236133
33.269469
33.302806
33.336141
33.369477
33.402813
33.43615
33.469486
33.502822
33.536158
33.569494
33.60283
33.636166
33.669503
33.702839
33.736175
33.769511
33.802847
33.836184
33.86952
33.902856
33.936192
33.969528
34.002864
34.0362
34.069537
34.102873
34.136209
34.169544
34.20288
34.236217
34.269553
34.302889
34.336225
34.369561
34.402898
34.436234
34.46957
34.502906
34.536242
34.569578
34.602915
34.636251
34.669587
34.702923
34.736259
34.769595
34.802931
34.836267
34.869604
34.90294
34.936276
34.969612
35.002948
35.036285
35.069623
35.102957
35.136293
35.169629
35.202965
35.236301
35.269638
35.302973
35.336309
35.369645
35.402982
35.436318
35.469654
35.50299
35.536326
35.569663
35.602999
35.636335
35.669671
35.703007
35.736343
35.76968
35.803016
35.836352
35.869688
35.903024
35.93636
35.969696
36.003033
36.036369
36.069705
36.103041
36.136377
36.169713
36.20305
36.236386
36.269722
36.303058
36.336394
36.36973
36.403066
36.436402
36.469738
36.503074
36.53641
36.56975
36.603083
36.636419
36.669755
36.703091
36.736428
36.769764
36.8031
36.836436
36.869772
36.903108
36.936444
36.969781
37.003117
37.036453
37.069789
37.103125
37.136461
37.169797
37.203133
37.23647
37.269806
37.303142
37.336478
37.369815
37.403151
37.436487
37.469822
37.503159
37.536495
37.569831
37.603167
37.636503
37.669839
37.703175
37.736511
37.769848
37.803184
37.83652
37.869856
37.903192
37.936529
37.969865
38.003201
38.036537
38.069873
38.103209
38.136545
38.169882
38.203218
38.236554
38.26989
38.303226
38.336562
38.369898
38.403235
38.43657
38.469907
38.503242
38.53658
38.569916
38.603251
38.636588
38.669924
38.70326
38.736596
38.769932
38.803268
38.836604
38.86994
38.903276
38.936613
38.969949
39.003285
39.036624
39.069957
39.103294
39.13663
39.169966
39.203302
39.236638
39.269974
39.30331
39.336646
39.369983
39.403319
39.436654
39.469991
39.503327
39.536663
39.57
39.603335
39.636672
39.670008
39.703344
39.736681
39.770016
39.803352
39.836688
39.870025
39.903361
39.936697
39.970033
40.003369
40.036705
40.070041
40.103378
40.136714
40.17005
40.203386
40.236722
40.270059
40.303395
40.336731
40.370067
40.403403
40.436739
40.470075
40.503411
40.536748
40.570084
40.603419
40.636755
40.670092
40.703428
40.736765
40.7701
40.803436
40.836773
40.870109
40.903445
40.936781
40.970117
41.003453
41.03679
41.070126
41.103462
41.136798
41.170134
41.20347
41.236806
41.270142
41.303479
41.336815
41.370151
41.403487
41.436823
41.47016
41.503498
41.536832
41.570168
41.603504
41.63684
41.670176
41.703513
41.736848
41.770184
41.80352
41.836857
41.870193
41.903529
41.936865
41.970201
42.003538
42.036874
42.07021
42.103546
42.136882
42.170218
42.203554
42.23689
42.270227
42.303563
42.336899
42.370235
42.403571
42.436907
42.470244
42.50358
42.536916
42.570252
42.603588
42.636925
42.670261
42.703597
42.736932
42.770269
42.803605
42.836941
42.870277
42.903613
42.936949
42.970285
43.003625
43.036958
43.070294
43.10363
43.136966
43.170303
43.203639
43.236975
43.270311
43.303647
43.336983
43.370319
43.403655
43.436992
43.470328
43.503664
43.537
43.570336
43.603672
43.637009
43.670345
43.703681
43.737017
43.770353
43.803689
43.837026
43.870362
43.903697
43.937033
43.97037
44.003706
44.037042
44.070378
44.103714
44.13705
44.170386
44.203723
44.237059
44.270395
44.303731
44.337067
44.370404
44.40374
44.437076
44.470412
44.503748
44.537084
44.57042
44.603756
44.637093
44.670429
44.703765
44.737101
44.770437
44.803773
44.837109
44.870445
44.903782
44.937117
44.970454
45.00379
45.037126
45.070462
45.103798
45.137134
45.170471
45.203807
45.237143
45.270479
45.303815
45.337151
45.370487
45.403824
45.43716
45.470499
45.503832
45.537168
45.570505
45.603841
45.637177
45.670513
45.703849
45.737185
45.770521
45.803858
45.837194
45.870529
45.903866
45.937201
45.970538
46.003875
46.03721
46.070546
46.103883
46.137219
46.170555
46.203891
46.237227
46.270563
46.303899
46.337236
46.370572
46.403908
46.437244
46.47058
46.503916
46.537252
46.570588
46.603925
46.637261
46.670597
46.703933
46.737269
46.770606
46.803942
46.837278
46.870614
46.90395
46.937286
46.970625
47.003959
47.037294
47.07063
47.103966
47.137303
47.170639
47.203975
47.237311
47.270648
47.303983
47.33732
47.370656
47.403992
47.437328
47.470664
47.504
47.537337
47.570673
47.604009
47.637345
47.670681
47.704017
47.737353
47.77069
47.804026
47.837362
47.870698
47.904034
47.937371
47.970707
48.004043
48.037378
48.070715
48.104051
48.137387
48.170723
48.204059
48.237395
48.270731
48.304067
48.337404
48.37074
48.404076
48.437412
48.470748
48.504085
48.537421
48.570757
48.604093
48.637429
48.670765
48.704101
48.737438
48.770774
48.80411
48.837445
48.870782
48.904118
48.937455
48.970791
49.004126
49.037463
49.070799
49.104135
49.137472
49.170807
49.204143
49.237479
49.270815
49.304152
49.337488
49.370824
49.40416
49.4375
49.470832
49.504169
49.537505
49.570841
49.604177
49.637513
49.67085
49.704186
49.737522
49.770858
49.804194
49.83753
49.870866
49.904202
49.937538
49.970875
50.00421
50.037546
50.070883
50.104219
50.137556
50.170891
50.204228
50.237564
50.2709
50.304236
50.337572
50.370908
50.404244
50.43758
50.470917
50.504253
50.537589
50.570925
50.604261
50.637597
50.670934
50.70427
50.737606
50.770942
50.804278
50.837614
50.87095
50.904287
50.937623
50.970959
51.004294
51.03763
51.070967
51.104303
51.13764
51.170975
51.204311
51.237648
51.270984
51.30432
51.337656
51.370992
51.404328
51.437665
51.471001
51.504337
51.537673
51.571009
51.604345
51.637681
51.671017
51.704354
51.73769
51.771026
51.804362
51.837698
51.871035
51.904373
51.937707
51.971043
52.004379
52.037715
52.071051
52.104387
52.137723
52.171059
52.204395
52.237732
52.271068
52.304404
52.33774
52.371076
52.404413
52.437749
52.471085
52.504421
52.537757
52.571093
52.604429
52.637765
52.671102
52.704438
52.737774
52.77111
52.804446
52.837782
52.871119
52.904455
52.937791
52.971127
53.004463
53.037799
53.071136
53.104472
53.137807
53.171144
53.20448
53.237816
53.271152
53.304488
53.337824
53.37116
53.4045
53.437833
53.471169
53.504505
53.537841
53.571177
53.604514
53.63785
53.671186
53.704522
53.737858
53.771194
53.80453
53.837867
53.871203
53.904539
53.937875
53.971211
54.004547
54.037884
54.071219
54.104556
54.137892
54.171228
54.204564
54.2379
54.271237
54.304572
54.337908
54.371245
54.404581
54.437917
54.471253
54.504589
54.537925
54.571261
54.604598
54.637934
54.67127
54.704606
54.737942
54.771278
54.804615
54.837951
54.871287
54.904623
54.937959
54.971295
55.004631
55.037967
55.071304
55.10464
55.137975
55.171311
55.204648
55.237984
55.27132
55.304656
55.337992
55.371329
55.404665
55.438001
55.471337
55.504673
55.538009
55.571345
55.604682
55.638018
55.671354
55.70469
55.738026
55.771362
55.804698
55.838035
55.871373
55.904707
55.938043
55.971379
56.004716
56.038052
56.071388
56.104723
56.13806
56.171396
56.204732
56.238069
56.271404
56.30474
56.338076
56.371413
56.404749
56.438085
56.471421
56.504757
56.538094
56.57143
56.604766
56.638102
56.671438
56.704774
56.73811
56.771446
56.804782
56.838119
56.871455
56.904791
56.938127
56.971463
57.0048
57.038136
57.071472
57.104808
57.138144
57.17148
57.204816
57.238153
57.271488
57.304825
57.33816
57.3715
57.404833
57.438169
57.471505
57.504841
57.538178
57.571514
57.60485
57.638186
57.671522
57.704858
57.738195
57.771531
57.804867
57.838203
57.871539
57.904875
57.938211
57.971547
58.004884
58.03822
58.071556
58.104892
58.138228
58.171565
58.204901
58.238237
58.271572
58.304909
58.338245
58.371581
58.404917
58.438253
58.471589
58.504925
58.538261
58.571598
58.604934
58.63827
58.671606
58.704942
58.738279
58.771615
58.804951
58.838287
58.871623
58.904959
58.938295
58.971631
59.004968
59.038304
59.07164
59.104976
59.138312
59.171648
59.204984
59.23832
59.271657
59.304992
59.338329
59.371665
59.405001
59.438337
59.471673
59.505009
59.538346
59.571682
59.605018
59.638354
59.67169
59.705026
59.738362
59.771699
59.805035
59.838374
59.871707
59.905043
59.938379
59.971716
60.005052
60.038388
60.071724
60.10506
60.138396
60.171732
60.205069
60.238404
60.27174
60.305076
60.338413
60.37175
60.405085
60.438421
60.471757
60.505094
60.53843
60.571766
60.605102
60.638438
60.671774
60.70511
60.738446
60.771783
60.805119
60.838455
60.871791
60.905127
60.938463
60.9718
61.005136
61.038472
61.071808
61.105144
61.138481
61.171817
61.205153
61.238488
61.271824
61.305161
61.3385
61.371833
61.405169
61.438505
61.471841
61.505177
61.538514
61.57185
61.605186
61.638522
61.671858
61.705195
61.738531
61.771867
61.805203
61.838539
61.871875
61.905211
61.938547
61.971884
62.00522
62.038556
62.071892
62.105228
62.138565
62.171901
62.205237
62.238572
62.271909
62.305245
62.338581
62.371917
62.405253
62.438589
62.471925
62.505261
62.538598
62.571934
62.60527
62.638606
62.671942
62.705279
62.738615
62.771951
62.805287
62.838623
62.871959
62.905295
62.938632
62.971968
63.005304
63.03864
63.071976
63.105312
63.138648
63.171985
63.20532
63.238657
63.271992
63.305329
63.338666
63.372001
63.405337
63.438673
63.472009
63.505346
63.538682
63.572018
63.605354
63.63869
63.672026
63.705362
63.738698
63.772035
63.805374
63.838707
63.872043
63.905379
63.938716
63.972052
64.005388
64.038724
64.07206
64.105396
64.138733
64.172069
64.205404
64.23874
64.272076
64.305413
64.33875
64.372085
64.405421
64.438757
64.472094
64.50543
64.538766
64.572102
64.605438
64.638774
64.67211
64.705447
64.738783
64.772119
64.805455
64.838791
64.872127
64.905463
64.9388
64.972136
65.005472
65.038808
65.072144
65.105481
65.138817
65.172153
65.205488
65.238824
65.272161
65.3055
65.338833
65.372169
65.405505
65.438841
65.472178
65.505514
65.53885
65.572186
65.605522
65.638858
65.672195
65.705531
65.738867
65.772203
65.805539
65.838875
65.872211
65.905547
65.938884
65.97222
66.005556
66.038892
66.072228
66.105565
66.138901
66.172237
66.205572
66.238909
66.272245
66.305581
66.338917
66.372253
66.405589
66.438925
66.472261
66.505598
66.538934
66.57227
66.605606
66.638942
66.672279
66.705615
66.738951
66.772287
66.805623
66.838959
66.872295
66.905631
66.938968
66.972304
67.00564
67.038976
67.072312
67.105648
67.138984
67.17232
67.205657
67.238992
67.272329
67.305665
67.339001
67.372337
67.405673
67.439009
67.472346
67.505682
67.539018
67.572354
67.60569
67.639026
67.672362
67.705698
67.739035
67.772374
67.805707
67.839043
67.872379
67.905716
67.939052
67.972388
68.005724
68.03906
68.072396
68.105732
68.139069
68.172404
68.20574
68.239076
68.272413
68.30575
68.339085
68.372421
68.405757
68.439094
68.47243
68.505766
68.539102
68.572438
68.605774
68.63911
68.672446
68.705783
68.739119
68.772455
68.805791
68.839127
68.872463
68.9058
68.939136
68.972472
69.005808
69.039144
69.07248
69.105816
69.139153
69.172488
69.205824
69.23916
69.2725
69.305833
69.339169
69.372505
69.405841
69.439178
69.472514
69.50585
69.539186
69.572522
69.605858
69.639194
69.672531
69.705867
69.739203
69.772539
69.805875
69.839211
69.872547
69.905884
69.93922
69.972556
70.005892
70.039228
70.072564
70.105901
70.139237
70.172572
70.205908
70.239245
70.272581
70.305917
70.339253
70.372589
70.405925
70.439261
70.472598
70.505934
70.53927
70.572606
70.605942
70.639278
70.672615
70.705951
70.739287
70.772623
70.805959
70.839295
70.872631
70.905968
70.939304
70.97264
71.005975
71.039311
71.072648
71.105984
71.13932
71.172656
71.205992
71.239329
71.272665
71.306001
71.339337
71.372673
71.406009
71.439346
71.472682
71.506018
71.539354
71.57269
71.606026
71.639362
71.672698
71.706035
71.739373
71.772707
71.806043
71.839379
71.872716
71.906052
71.939388
71.972723
72.00606
72.039396
72.072732
72.106068
72.139404
72.17274
72.206076
72.239413
72.272749
72.306085
72.339421
72.372757
72.406093
72.43943
72.472766
72.506102
72.539438
72.572774
72.60611
72.639446
72.672782
72.706119
72.739455
72.772791
72.806127
72.839463
72.8728
72.906136
72.939472
72.972807
73.006144
73.03948
73.072816
73.106152
73.139488
73.172824
73.20616
73.2395
73.272833
73.306169
73.339505
73.372841
73.406177
73.439514
73.47285
73.506186
73.539522
73.572858
73.606194
73.63953
73.672867
73.706203
73.739539
73.772875
73.80621
73.839547
73.872884
73.906219
73.939556
73.972892
74.006228
74.039564
74.0729
74.106237
74.139572
74.172908
74.206244
74.239581
74.272917
74.306253
74.339589
74.372925
74.406261
74.439597
74.472934
74.50627
74.539606
74.572942
74.606278
74.639615
74.672951
74.706287
74.739623
74.772959
74.806295
74.839631
74.872967
74.906303
74.93964
74.972975
75.006311
75.039648
75.072984
75.10632
75.139656
75.172992
75.206329
75.239665
75.273001
75.306337
75.339673
75.373009
75.406345
75.439681
75.473017
75.506354
75.53969
75.573026
75.606362
75.639698
75.673035
75.706373
75.739707
75.773043
75.806379
75.839715
75.873051
75.906387
75.939723
75.973059
76.006395
76.039732
76.073068
76.106404
76.13974
76.173076
76.206413
76.239749
76.273085
76.306421
76.339757
76.373093
76.406429
76.439765
76.473102
76.506438
76.539774
76.57311
76.606446
76.639782
76.673118
76.706454
76.739791
76.773127
76.806463
76.839799
76.873135
76.906472
76.939807
76.973143
77.00648
77.039816
77.073152
77.106488
77.139824
77.17316
77.2065
77.239832
77.273169
77.306505
77.339841
77.373177
77.406513
77.43985
77.473186
77.506522
77.539858
77.573194
77.60653
77.639866
77.673202
77.706538
77.739875
77.77321
77.806547
77.839883
77.873219
77.906556
77.939891
77.973228
78.006564
78.0399
78.073236
78.106572
78.139908
78.173244
78.20658
78.239916
78.273253
78.306589
78.339925
78.373261
78.406597
78.439934
78.47327
78.506606
78.539942
78.573278
78.606614
78.63995
78.673286
78.706623
78.739959
78.773294
78.80663
78.839967
78.873303
78.90664
78.939975
78.973311
79.006648
79.039983
79.07332
79.106656
79.139992
79.173328
79.206664
79.24
79.273337
79.306673
79.340009
79.373345
79.406681
79.440017
79.473353
79.50669
79.540026
79.573362
79.606698
79.640034
79.673371
79.706707
79.740043
79.773378
79.806715
79.840051
79.873387
79.906723
79.940059
79.973395
80.006731
80.040067
80.073404
80.10674
80.140076
80.173412
80.206748
80.240085
80.273421
80.306757
80.340093
80.373429
80.406765
80.440101
80.473437
80.506773
80.54011
80.573445
80.606782
80.640118
80.673454
80.706791
80.740126
80.773463
80.806799
80.840135
80.873471
80.906807
80.940143
80.973479
81.006815
81.040151
81.073488
81.106824
81.14016
81.173499
81.206832
81.240169
81.273505
81.306841
81.340177
81.373513
81.406849
81.440185
81.473521
81.506858
81.540194
81.573529
81.606865
81.640202
81.673538
81.706875
81.74021
81.773546
81.806883
81.840219
81.873555
81.906891
81.940227
81.973563
82.006899
82.040236
82.073572
82.106908
82.140244
82.17358
82.206916
82.240253
82.273588
82.306925
82.340261
82.373597
82.406933
82.440269
82.473606
82.506942
82.540278
82.573613
82.606949
82.640286
82.673625
82.706958
82.740294
82.77363
82.806966
82.840302
82.873639
82.906975
82.940311
82.973647
83.006983
83.040319
83.073656
83.106992
83.140328
83.173664
83.207
83.240336
83.273672
83.307008
83.340345
83.373681
83.407017
83.440353
83.47369
83.507026
83.540362
83.573697
83.607033
83.64037
83.673706
83.707042
83.740378
83.773714
83.80705
83.840386
83.873722
83.907059
83.940395
83.973731
84.007067
84.040404
84.07374
84.107076
84.140412
84.173748
84.207084
84.24042
84.273756
84.307093
84.340429
84.373765
84.4071
84.440437
84.473773
84.507109
84.540445
84.573781
84.607117
84.640454
84.67379
84.707126
84.740462
84.773798
84.807134
84.84047
84.873807
84.907143
84.940479
84.973815
85.007151
85.040487
85.073823
85.10716
85.140498
85.173832
85.207168
85.240504
85.27384
85.307177
85.340513
85.373848
85.407184
85.44052
85.473857
85.507193
85.540529
85.573865
85.607201
85.640538
85.673874
85.70721
85.740546
85.773882
85.807218
85.840554
85.87389
85.907227
85.940563
85.973899
86.007235
86.040571
86.073907
86.107243
86.14058
86.173916
86.207252
86.240588
86.273925
86.30726
86.340597
86.373932
86.407268
86.440605
86.473941
86.507277
86.540613
86.573949
86.607285
86.640625
86.673957
86.707294
86.74063
86.773966
86.807302
86.840638
86.873975
86.907311
86.940647
86.973983
87.007319
87.040655
87.073991
87.107327
87.140663
87.174
87.207335
87.240672
87.274008
87.307344
87.340681
87.374016
87.407352
87.440689
87.474025
87.507361
87.540697
87.574033
87.607369
87.640705
87.674041
87.707377
87.740714
87.77405
87.807386
87.840722
87.874059
87.907395
87.940731
87.974067
88.007403
88.040739
88.074075
88.107412
88.140748
88.174084
88.207419
88.240755
88.274092
88.307428
88.340765
88.3741
88.407436
88.440773
88.474108
88.507445
88.540781
88.574117
88.607453
88.640789
88.674125
88.707462
88.740798
88.774134
88.80747
88.840806
88.874142
88.907478
88.940815
88.974151
89.007487
89.040823
89.074159
89.107496
89.140832
89.174168
89.207503
89.240839
89.274176
89.307512
89.340848
89.374184
89.40752
89.440856
89.474192
89.507529
89.540865
89.574201
89.607537
89.640873
89.674209
89.707546
89.740882
89.774218
89.807554
89.84089
89.874226
89.907562
89.940898
89.974235
90.00757
90.040907
90.074242
90.107579
90.140916
90.174251
90.207588
90.240923
90.27426
90.307596
90.340932
90.374268
90.407604
90.44094
90.474276
90.507612
90.540948
90.574285
90.607624
90.640957
90.674293
90.707629
90.740966
90.774302
90.807638
90.840974
90.87431
90.907646
90.940983
90.974318
91.007654
91.04099
91.074326
91.107663
91.140999
91.174335
91.207671
91.241007
91.274344
91.30768
91.341016
91.374352
91.407688
91.441024
91.47436
91.507696
91.541032
91.574369
91.607705
91.641041
91.674377
91.707713
91.74105
91.774386
91.807722
91.841058
91.874394
91.90773
91.941066
91.974402
92.007738
92.041074
92.07441
92.10775
92.141083
92.174419
92.207755
92.241091
92.274428
92.307764
92.3411
92.374436
92.407772
92.441108
92.474444
92.50778
92.541117
92.574453
92.607789
92.641125
92.67446
92.707797
92.741134
92.774469
92.807806
92.841142
92.874478
92.907814
92.94115
92.974487
93.007822
93.041158
93.074494
93.10783
93.141167
93.174503
93.207839
93.241175
93.274511
93.307847
93.341183
93.37452
93.407856
93.441192
93.474528
93.507864
93.541201
93.574537
93.607873
93.641209
93.674544
93.707881
93.741217
93.774553
93.80789
93.841225
93.874561
93.907898
93.941234
93.97457
94.007906
94.041242
94.074578
94.107914
94.14125
94.174587
94.207923
94.241259
94.274595
94.307931
94.341267
94.374603
94.40794
94.441276
94.474612
94.507948
94.541284
94.574621
94.607957
94.641293
94.674628
94.707965
94.741301
94.774637
94.807973
94.841309
94.874645
94.907981
94.941317
94.974654
95.00799
95.041326
95.074662
95.107998
95.141335
95.174671
95.208007
95.241343
95.274679
95.308015
95.341351
95.374687
95.408023
95.44136
95.474695
95.508032
95.541368
95.574705
95.608041
95.641376
95.674712
95.708049
95.741385
95.774721
95.808057
95.841393
95.874729
95.908065
95.941401
95.974738
96.008074
96.04141
96.074749
96.108082
96.141418
96.174755
96.208091
96.241427
96.274763
96.308099
96.341435
96.374771
96.408108
96.441444
96.474779
96.508115
96.541451
96.574788
96.608125
96.64146
96.674796
96.708132
96.741469
96.774805
96.808141
96.841477
96.874813
96.908149
96.941485
96.974821
97.008158
97.041494
97.07483
97.108166
97.141502
97.174838
97.208175
97.241511
97.274847
97.308183
97.341519
97.374855
97.408191
97.441528
97.474863
97.508199
97.541535
97.574875
97.608208
97.641544
97.67488
97.708216
97.741553
97.774889
97.808225
97.841561
97.874897
97.908233
97.941569
97.974905
98.008242
98.041578
98.074914
98.10825
98.141586
98.174922
98.208259
98.241594
98.274931
98.308267
98.341603
98.374939
98.408275
98.441612
98.474947
98.508283
98.541619
98.574956
98.608292
98.641628
98.674964
98.7083
98.741636
98.774972
98.808308
98.841645
98.874981
98.908317
98.941653
98.97499
99.008325
99.041662
99.074998
99.108334
99.141669
99.175005
99.208342
99.241678
99.275015
99.30835
99.341686
99.375023
99.408359
99.441695
99.475031
99.508367
99.541703
99.575039
99.608376
99.641712
99.675048
99.708384
99.74172
99.775056
99.808392
99.841728
99.875065
99.908401
99.941737
99.975073
100.008409
100.041746
100.075082
100.108418
100.141753
100.17509
100.208426
100.241762
100.275098
100.308434
100.34177
100.375106
100.408442
100.441779
100.475115
100.508451
100.541787
100.575123
100.60846
100.641796
100.675132
100.708468
100.741804
100.77514
100.808476
100.841812
100.875148
100.908485
100.94182
100.975157
101.008492
101.04183
101.075166
101.108501
101.141837
101.175173
101.208509
101.241846
101.275182
101.308518
101.341854
101.37519
101.408526
101.441862
101.475198
101.508535
101.541874
101.575207
101.608543
101.641879
101.675216
101.708552
101.741888
101.775224
101.80856
101.841896
101.875232
101.908568
101.941904
101.97524
102.008576
102.041913
102.075249
102.108585
102.141921
102.175257
102.208594
102.24193
102.275266
102.308602
102.341938
102.375274
102.40861
102.441946
102.475282
102.508619
102.541955
102.575291
102.608627
102.641963
102.6753
102.708636
102.741972
102.775307
102.808644
102.84198
102.875316
102.908652
102.941988
102.975324
103.00866
103.042
103.075333
103.108669
103.142005
103.175341
103.208677
103.242014
103.27535
103.308686
103.342022
103.375358
103.408694
103.44203
103.475367
103.508703
103.542039
103.575375
103.60871
103.642047
103.675383
103.708719
103.742056
103.775391
103.808728
103.842064
103.8754
103.908737
103.942072
103.975408
104.008744
104.04208
104.075416
104.108753
104.142089
104.175425
104.208761
104.242097
104.275433
104.30877
104.342106
104.375442
104.408778
104.442114
104.47545
104.508786
104.542125
104.575459
104.608794
104.64213
104.675467
104.708803
104.74214
104.775475
104.808811
104.842148
104.875484
104.90882
104.942156
104.975492
105.008828
105.042164
105.0755
105.108837
105.142173
105.175509
105.208845
105.242181
105.275517
105.308853
105.34219
105.375526
105.408862
105.442198
105.475534
105.50887
105.542206
105.575543
105.608878
105.642214
105.67555
105.708886
105.742223
105.775559
105.808895
105.842231
105.875567
105.908904
105.94224
105.975576
106.008912
106.042248
106.075584
106.10892
106.142256
106.175593
106.208929
106.242265
106.275601
106.308937
106.342273
106.375609
106.408945
106.442281
106.475617
106.508954
106.54229
106.575626
106.608962
106.642298
106.675634
106.708971
106.742307
106.775643
106.808979
106.842315
106.875651
106.908987
106.942323
106.97566
107.008998
107.042332
107.075668
107.109004
107.14234
107.175677
107.209013
107.242348
107.275684
107.30902
107.342357
107.375693
107.409029
107.442365
107.475701
107.509038
107.542374
107.57571
107.609046
107.642382
107.675718
107.709054
107.74239
107.775727
107.809063
107.842399
107.875735
107.909071
107.942407
107.975743
108.00908
108.042416
108.075751
108.109088
108.142424
108.17576
108.209097
108.242432
108.275768
108.309104
108.342441
108.375777
108.409113
108.442449
108.475785
108.509124
108.542457
108.575794
108.60913
108.642466
108.675802
108.709138
108.742474
108.775811
108.809147
108.842483
108.875819
108.909154
108.942491
108.975827
109.009163
109.0425
109.075835
109.109172
109.142508
109.175844
109.20918
109.242516
109.275852
109.309188
109.342524
109.375861
109.409197
109.442533
109.475869
109.509205
109.542541
109.575878
109.609213
109.64255
109.675886
109.709222
109.742558
109.775894
109.809231
109.842567
109.875903
109.909238
109.942574
109.975911
110.00925
110.042583
110.075919
110.109255
110.142591
110.175927
110.209264
110.2426
110.275936
110.309272
110.342608
110.375944
110.40928
110.442617
110.475953
110.509289
110.542625
110.575961
110.609297
110.642633
110.67597
110.709306
110.742642
110.775978
110.809315
110.842651
110.875987
110.909322
110.942658
110.975995
111.009331
111.042667
111.076003
111.109339
111.142675
111.176011
111.209347
111.242684
111.27602
111.309356
111.342692
111.376028
111.409365
111.442701
111.476037
111.509373
111.542709
111.576044
111.609381
111.642717
111.676053
111.709389
111.742725
111.776061
111.809398
111.842734
111.87607
111.909406
111.942742
111.976078
112.009414
112.04275
112.076087
112.109423
112.142759
112.176095
112.209431
112.242767
112.276103
112.30944
112.342776
112.376112
112.409448
112.442784
112.476121
112.509457
112.542793
112.576128
112.609465
112.642801
112.676137
112.709473
112.742809
112.776145
112.809481
112.842817
112.876154
112.90949
112.942826
112.976162
113.009498
113.042835
113.076171
113.109507
113.142843
113.176179
113.209515
113.242851
113.276187
113.309523
113.34286
113.376195
113.409532
113.442867
113.476204
113.50954
113.542876
113.576212
113.609548
113.642884
113.676221
113.709557
113.742893
113.776229
113.809565
113.842901
113.876237
113.909573
113.94291
113.976249
114.009582
114.042918
114.076254
114.109591
114.142927
114.176263
114.209598
114.242934
114.276271
114.309607
114.342943
114.376279
114.409615
114.442951
114.476288
114.509624
114.54296
114.576296
114.609632
114.642968
114.676304
114.709641
114.742977
114.776313
114.809649
114.842985
114.876321
114.909657
114.942993
114.97633
115.009666
115.043002
115.076338
115.109674
115.143011
115.176347
115.209682
115.243018
115.276355
115.309691
115.343027
115.376363
115.409699
115.443035
115.476375
115.509707
115.543044
115.57638
115.609716
115.643052
115.676388
115.709725
115.743061
115.776397
115.809733
115.843069
115.876404
115.909741
115.943077
115.976413
116.00975
116.043085
116.076422
116.109758
116.143094
116.176431
116.209766
116.243102
116.276438
116.309774
116.343111
116.376447
116.409783
116.443119
116.476455
116.509791
116.543127
116.576463
116.6098
116.643136
116.676472
116.709808
116.743144
116.776481
116.809817
116.843153
116.876488
116.909825
116.943161
116.9765
117.009833
117.043169
117.076505
117.109841
117.143178
117.176514
117.20985
117.243186
117.276522
117.309858
117.343195
117.37653
117.409867
117.443203
117.476539
117.509875
117.543211
117.576547
117.609884
117.64322
117.676556
117.709892
117.743228
117.776564
117.8099
117.843237
117.876572
117.909908
117.943245
117.976581
118.009917
118.043253
118.076589
118.109925
118.143261
118.176597
118.209934
118.24327
118.276606
118.309942
118.343278
118.376615
118.409951
118.443287
118.476623
118.509959
118.543295
118.576631
118.609967
118.643303
118.676639
118.709975
118.743311
118.776648
118.809984
118.84332
118.876656
118.909992
118.943328
118.976664
119.01
119.043337
119.076673
119.110009
119.143345
119.176681
119.210017
119.243353
119.27669
119.310026
119.343362
119.376698
119.410034
119.443371
119.476707
119.510043
119.543378
119.576715
119.610051
119.643387
119.676723
119.710059
119.743395
119.776731
119.810067
119.843404
119.87674
119.910076
119.943412
119.976748
120.010084
120.04342
120.076757
120.110093
120.143429
120.176765
120.210101
120.243437
120.276773
120.310109
120.343445
120.376782
120.410117
120.443454
120.47679
120.510126
120.543462
120.576798
120.610134
120.643471
120.676807
120.710143
120.743479
120.776815
120.810151
120.843487
120.876823
120.91016
120.943498
120.976832
121.010168
121.043504
121.07684
121.110177
121.143513
121.176848
121.210184
121.24352
121.276857
121.310193
121.343529
121.376865
121.410201
121.443538
121.476874
121.51021
121.543546
121.576882
121.610218
121.643554
121.67689
121.710227
121.743563
121.776899
121.810235
121.843571
121.876907
121.910243
121.94358
121.976916
122.010252
122.043588
122.076924
122.11026
122.143597
122.176932
122.210268
122.243604
122.27694
122.310277
122.343613
122.376949
122.410285
122.443624
122.476957
122.510294
122.54363
122.576966
122.610302
122.643638
122.676974
122.71031
122.743646
122.776983
122.810319
122.843654
122.876991
122.910327
122.943663
122.977
123.010335
123.043672
123.077008
123.110344
123.14368
123.177016
123.210352
123.243688
123.277024
123.31036
123.343697
123.377033
123.410369
123.443705
123.477041
123.510377
123.543713
123.57705
123.610386
123.643722
123.677058
123.710394
123.74373
123.777066
123.810403
123.843738
123.877074
123.91041
123.94375
123.977083
124.010419
124.043755
124.077091
124.110428
124.143764
124.1771
124.210436
124.243772
124.277108
124.310444
124.34378
124.377116
124.410453
124.443789
124.477125
124.51046
124.543797
124.577134
124.610469
124.643806
124.677141
124.710478
124.743814
124.77715
124.810486
124.843822
124.877158
124.910494
124.94383
124.977166
125.010503
125.043839
125.077175
125.110511
125.143847
125.177184
125.21052
125.243856
125.277192
125.310528
125.343864
125.3772
125.410536
125.443875
125.477209
125.510544
125.54388
125.577216
125.610553
125.643889
125.677225
125.710561
125.743897
125.777233
125.81057
125.843906
125.877242
125.910578
125.943914
125.97725
126.010586
126.043922
126.077259
126.110595
126.143931
126.177267
126.210603
126.24394
126.277276
126.310612
126.343947
126.377284
126.41062
126.443956
126.477292
126.510628
126.543964
126.5773
126.610636
126.643973
126.677309
126.710645
126.743981
126.777317
126.810654
126.84399
126.877326
126.910662
126.943998
126.977334
127.01067
127.044006
127.077342
127.110679
127.144015
127.17735
127.210686
127.244023
127.277359
127.310695
127.344031
127.377367
127.410704
127.44404
127.477376
127.510712
127.544048
127.577384
127.61072
127.644056
127.677392
127.710729
127.744065
127.777401
127.810737
127.844073
127.87741
127.910746
127.944082
127.977418
128.010753
128.04409
128.077426
128.110762
128.144098
128.177434
128.21077
128.244106
128.277442
128.310779
128.344115
128.377451
128.410787
128.444123
128.47746
128.510796
128.544132
128.577468
128.610804
128.64414
128.677476
128.710812
128.744148
128.777485
128.81082
128.844157
128.877492
128.910829
128.944166
128.977501
129.010837
129.044173
129.077509
129.110846
129.144182
129.177518
129.210854
129.24419
129.277526
129.310862
129.344198
129.377535
129.410873
129.444207
129.477543
129.510879
129.544216
129.577552
129.610888
129.644223
129.677559
129.710896
129.744232
129.777568
129.810904
129.84424
129.877576
129.910913
129.944249
129.977585
130.010921
130.044257
130.077593
130.110929
130.144265
130.177602
130.210938
130.244274
130.27761
130.310946
130.344282
130.377618
130.410955
130.444291
130.477626
130.510963
130.544299
130.577635
130.610972
130.644307
130.677643
130.710979
130.744315
130.777652
130.810988
130.844324
130.87766
130.910999
130.944332
130.977669
131.011005
131.044341
131.077677
131.111013
131.144349
131.177685
131.211021
131.244358
131.277694
131.311029
131.344366
131.377702
131.411038
131.444375
131.47771
131.511046
131.544383
131.577719
131.611055
131.644391
131.677727
131.711063
131.744399
131.777735
131.811072
131.844408
131.877744
131.91108
131.944416
131.977752
132.011088
132.044425
132.077761
132.111097
132.144433
132.177769
132.211105
132.244441
132.277777
132.311113
132.344449
132.377785
132.411125
132.444458
132.477794
132.51113
132.544466
132.577802
132.611139
132.644475
132.677811
132.711147
132.744483
132.777819
132.811155
132.844491
132.877827
132.911164
132.9445
132.977835
133.011172
133.044508
133.077844
133.111181
133.144516
133.177852
133.211189
133.244525
133.277861
133.311197
133.344533
133.377869
133.411205
133.444541
133.477878
133.511214
133.54455
133.577886
133.611222
133.644558
133.677895
133.711231
133.744567
133.777903
133.811239
133.844575
133.877911
133.91125
133.944584
133.977919
134.011255
134.044591
134.077928
134.111264
134.1446
134.177936
134.211272
134.244608
134.277945
134.311281
134.344617
134.377953
134.411289
134.444625
134.477961
134.511297
134.544634
134.57797
134.611306
134.644642
134.677977
134.711314
134.744651
134.777987
134.811322
134.844658
134.877995
134.911331
134.944667
134.978003
135.011339
135.044675
135.078011
135.111347
135.144683
135.17802
135.211356
135.244692
135.278028
135.311365
135.344701
135.378037
135.411373
135.444709
135.478044
135.511381
135.544717
135.578053
135.611389
135.644725
135.678061
135.711398
135.744734
135.77807
135.811406
135.844742
135.878078
135.911414
135.94475
135.978087
136.011423
136.044759
136.078095
136.111431
136.144767
136.178103
136.21144
136.244776
136.278112
136.311448
136.344784
136.378121
136.411457
136.444793
136.478128
136.511464
136.5448
136.578136
136.611473
136.644809
136.678145
136.711481
136.744817
136.778154
136.81149
136.844826
136.878162
136.911498
136.944834
136.978171
137.011506
137.044843
137.078179
137.111515
137.14485
137.178186
137.211523
137.244859
137.278195
137.311531
137.344867
137.378204
137.41154
137.444876
137.478212
137.511548
137.544884
137.57822
137.611556
137.644892
137.678229
137.711565
137.744901
137.778237
137.811573
137.84491
137.878248
137.911582
137.944918
137.978254
138.01159
138.044926
138.078262
138.111598
138.144934
138.17827
138.211606
138.244942
138.278279
138.311615
138.344951
138.378287
138.411623
138.44496
138.478296
138.511632
138.544968
138.578304
138.61164
138.644976
138.678312
138.711648
138.744985
138.77832
138.811657
138.844992
138.87833
138.911666
138.945001
138.978337
139.011673
139.045009
139.078346
139.111682
139.145018
139.178354
139.21169
139.245026
139.278362
139.311698
139.345035
139.378374
139.411707
139.445043
139.478379
139.511716
139.545052
139.578388
139.611723
139.645059
139.678396
139.711732
139.745068
139.778404
139.81174
139.845076
139.878413
139.911749
139.945085
139.978421
140.011757
140.045093
140.07843
140.111765
140.145102
140.178438
140.211774
140.24511
140.278446
140.311782
140.345118
140.378455
140.411791
140.445127
140.478463
140.511799
140.545135
140.578472
140.611807
140.645143
140.678479
140.711815
140.745151
140.778488
140.811824
140.84516
140.878499
140.911832
140.945169
140.978505
141.011841
141.045177
141.078513
141.111849
141.145185
141.178521
141.211858
141.245194
141.278529
141.311865
141.345202
141.378538
141.411875
141.44521
141.478546
141.511882
141.545219
141.578555
141.611891
141.645227
141.678563
141.711899
141.745235
141.778571
141.811907
141.845244
141.87858
141.911916
141.945252
141.978588
142.011925
142.045261
142.078597
142.111933
142.145269
142.178605
142.211941
142.245277
142.278613
142.311949
142.345285
142.378625
142.411957
142.445294
142.47863
142.511966
142.545302
142.578638
142.611975
142.645311
142.678647
142.711983
142.745319
142.778655
142.811991
142.845327
142.878663
142.912
142.945335
142.978672
143.012008
143.045344
143.078681
143.112016
143.145352
143.178688
143.212024
143.245361
143.278697
143.312033
143.345369
143.378705
143.412041
143.445377
143.478713
143.51205
143.545386
143.578722
143.612058
143.645394
143.678731
143.712067
143.745403
143.778739
143.812075
143.845411
143.87875
143.912083
143.945419
143.978755
144.012091
144.045427
144.078764
144.1121
144.145436
144.178772
144.212108
144.245444
144.27878
144.312117
144.345453
144.378789
144.412125
144.445461
144.478797
144.512133
144.545469
144.578806
144.612142
144.645477
144.678814
144.71215
144.745487
144.778822
144.812158
144.845494
144.878831
144.912166
144.945503
144.978839
145.012175
145.045511
145.078847
145.112184
145.14552
145.178856
145.212192
145.245528
145.278864
145.3122
145.345536
145.378875
145.412209
145.445544
145.47888
145.512217
145.545553
145.578889
145.612225
145.645561
145.678897
145.712233
145.74557
145.778906
145.812242
145.845578
145.878914
145.91225
145.945586
145.978922
146.012259
146.045595
146.078931
146.112267
146.145603
146.17894
146.212276
146.245612
146.278947
146.312284
146.34562
146.378956
146.412292
146.445628
146.478964
146.5123
146.545636
146.578972
146.612309
146.645645
146.678981
146.712317
146.745653
146.77899
146.812326
146.845662
146.878998
146.912334
146.94567
146.979006
147.012342
147.045678
147.079015
147.11235
147.145686
147.179023
147.212359
147.245695
147.279031
147.312367
147.345703
147.37904
147.412375
147.445712
147.479048
147.512384
147.54572
147.579056
147.612392
147.645728
147.679065
147.712401
147.745737
147.779073
147.812409
147.845746
147.879082
147.912418
147.945753
147.979089
148.012425
148.045762
148.079098
148.112434
148.14577
148.179106
148.212442
148.245779
148.279115
148.312451
148.345787
148.379123
148.412459
148.445795
148.479131
148.512468
148.545804
148.57914
148.612475
148.645812
148.679148
148.712484
148.74582
148.779156
148.812492
148.845829
148.879165
148.912501
148.945837
148.979173
149.012509
149.045845
149.079181
149.112517
149.145854
149.17919
149.212526
149.245862
149.279198
149.312535
149.345871
149.379207
149.412543
149.445878
149.479215
149.512551
149.545887
149.579223
149.612559
149.645895
149.679231
149.712567
149.745904
149.77924
149.812576
149.845912
149.879248
149.912585
149.945921
149.979257
150.012593
150.045929
150.079265
150.112601
150.145937
150.179273
150.21261
150.245945
150.279282
150.312617
150.345954
150.379291
150.412626
150.445962
150.479298
150.512634
150.545971
150.579307
150.612643
150.645979
150.679315
150.712651
150.745987
150.779323
150.81266
150.845998
150.879332
150.912668
150.946004
150.979341
151.012677
151.046013
151.079348
151.112684
151.14602
151.179357
151.212693
151.246029
151.279365
151.312701
151.346038
151.379374
151.41271
151.446046
151.479382
151.512718
151.546054
151.57939
151.612727
151.646063
151.679399
151.712735
151.74607
151.779407
151.812743
151.846079
151.879416
151.912751
151.946088
151.979424
152.01276
152.046096
152.079432
152.112768
152.146104
152.17944
152.212776
152.246113
152.279449
152.312785
152.346124
152.379457
152.412794
152.44613
152.479466
152.512802
152.546138
152.579474
152.61281
152.646146
152.679482
152.712819
152.746154
152.77949
152.812826
152.846163
152.879499
152.912835
152.946171
152.979507
153.012844
153.04618
153.079516
153.112852
153.146188
153.179524
153.21286
153.246196
153.279532
153.312868
153.346205
153.379541
153.412877
153.446213
153.479549
153.512885
153.546222
153.579557
153.612893
153.64623
153.679566
153.712902
153.746238
153.779574
153.81291
153.846249
153.879582
153.912919
153.946255
153.979591
154.012927
154.046263
154.079599
154.112935
154.146272
154.179608
154.212944
154.246279
154.279616
154.312952
154.346288
154.379625
154.41296
154.446296
154.479633
154.512969
154.546305
154.579641
154.612977
154.646313
154.679649
154.712985
154.746321
154.779658
154.812994
154.84633
154.879666
154.913002
154.946338
154.979675
155.013011
155.046347
155.079682
155.113019
155.146355
155.179691
155.213027
155.246363
155.279699
155.313035
155.346375
155.379707
155.413044
155.44638
155.479716
155.513052
155.546388
155.579725
155.613061
155.646397
155.679733
155.713069
155.746405
155.779741
155.813077
155.846413
155.87975
155.913085
155.946422
155.979758
156.013094
156.046431
156.079766
156.113102
156.146438
156.179775
156.213111
156.246447
156.279783
156.313119
156.346455
156.379791
156.413127
156.446463
156.4798
156.513136
156.546472
156.579808
156.613144
156.646481
156.679817
156.713153
156.746488
156.779824
156.81316
156.8465
156.879833
