0
0.033336
0.066673
0.100008
0.133345
0.166681
0.200017
0.233354
0.266689
0.300025
0.333362
0.366699
0.400035
0.43337
0.466707
0.500043
0.533379
0.566716
0.600052
0.633387
0.666724
0.700061
0.733397
0.766732
0.800069
0.833405
0.866742
0.900077
0.933413
0.96675
1.000086
1.033423
1.066758
1.100095
1.133431
1.166767
1.200104
1.233439
1.266775
1.300112
1.333448
1.366785
1.40012
1.433457
1.466793
1.500129
1.533466
1.566802
1.600137
1.633474
1.666811
1.700147
1.733482
1.766819
1.800155
1.833491
1.866827
1.900163
1.9335
1.966836
2.000173
2.033508
2.066844
2.100181
2.133517
2.166854
2.200189
2.233525
2.266862
2.300198
2.333535
2.36687
2.400207
2.433543
2.466879
2.500216
2.533551
2.566887
2.600224
2.633561
2.666897
2.700232
2.733569
2.766905
2.800241
2.833577
2.866913
2.90025
2.933586
2.966922
3.000258
3.033594
3.066931
3.100267
3.133604
3.166939
3.200275
3.233612
3.266948
3.300285
3.33362
3.366957
3.400293
3.433629
3.466966
3.500301
3.533637
3.566974
3.600311
3.633647
3.666982
3.700319
3.733655
3.766991
3.800327
3.833663
3.867
3.900336
3.933672
3.967008
4.000344
4.033681
4.067017
4.100354
4.133689
4.167025
4.200362
4.233698
4.267035
4.30037
4.333707
4.367043
4.400379
4.433716
4.467051
4.500387
4.533724
4.567061
4.600396
4.633732
4.667068
4.700405
4.733741
4.767077
4.800413
4.83375
4.867086
4.900422
4.933758
4.967094
5.000431
5.033767
5.067104
5.100439
5.133775
5.167112
5.200448
5.233785
5.26712
5.300456
5.333793
5.367129
5.400466
5.433801
5.467137
5.500474
5.53381
5.567146
5.600482
5.633818
5.667155
5.700491
5.733827
5.767163
5.800499
5.833836
5.867172
5.900508
5.933844
5.967181
6.000517
6.033853
6.067189
6.100525
6.133862
6.167198
6.200535
6.23387
6.267206
6.300543
6.333879
6.367216
6.400551
6.433887
6.467224
6.50056
6.533896
6.567232
6.600568
6.633905
6.667241
6.700577
6.733913
6.767249
6.800586
6.833922
6.867258
6.900594
6.93393
6.967267
7.000604
7.033939
7.067275
7.100612
7.133948
7.167283
7.20062
7.233956
7.267293
7.300629
7.333965
7.367301
7.400637
7.433974
7.46731
7.500646
7.533982
7.567318
7.600654
7.633991
7.667327
7.700663
7.733999
7.767336
7.800672
7.834008
7.867344
7.90068
7.934017
7.967353
8.000689
8.034025
8.067361
8.100698
8.134033
8.16737
8.200706
8.234043
8.267379
8.300715
8.334051
8.367387
8.400724
8.43406
8.467396
8.500732
8.534068
8.567405
8.600741
8.634077
8.667413
8.700749
8.734085
8.767422
8.800758
8.834094
8.86743
8.900767
8.934103
8.967439
9.000775
9.034111
9.067448
9.100783
9.13412
9.167456
9.200792
9.234129
9.267465
9.300801
9.334137
9.367473
9.40081
9.434146
9.467482
9.500818
9.534154
9.567491
9.600827
9.634163
9.667499
9.700836
9.734172
9.767508
9.800844
9.83418
9.867516
9.900853
9.934189
9.967525
10.000861
10.034198
10.067533
10.10087
10.134206
10.167542
10.200879
10.234215
10.267551
10.300887
10.334223
10.36756
10.400896
10.434232
10.467568
10.500904
10.53424
10.567577
10.600913
10.634249
10.667585
10.700922
10.734258
10.767594
10.80093
10.834266
10.867603
10.900939
10.934275
10.967611
11.000947
11.034283
11.06762
11.100956
11.134292
11.167629
11.200965
11.234301
11.267637
11.300973
11.33431
11.367646
11.400982
11.434318
11.467654
11.50099
11.534327
11.567663
11.600999
11.634335
11.667672
11.701008
11.734344
11.76768
11.801016
11.834353
11.867689
11.901025
11.934361
11.967697
12.001033
12.03437
12.067706
12.101042
12.134378
12.167715
12.201051
12.234387
12.267723
12.30106
12.334395
12.367732
12.401068
12.434404
12.46774
12.501077
12.534413
12.567749
12.601085
12.634422
12.667758
12.701094
12.73443
12.767766
12.801102
12.834439
12.867775
12.901111
12.934447
12.967783
13.00112
13.034456
13.067792
13.101128
13.134465
13.167801
13.201137
13.234473
13.267809
13.301146
13.334482
13.367818
13.401154
13.43449
13.467827
13.501163
13.534499
13.567835
13.601172
13.634508
13.667844
13.70118
13.734516
13.767852
13.801189
13.834525
13.867861
13.901197
13.934533
13.96787
14.001206
14.034542
14.067878
14.101214
14.134551
14.167887
14.201223
14.234559
14.267895
14.301232
14.334568
14.367904
14.40124
14.434577
14.467913
14.501249
14.534585
14.567921
14.601257
14.634594
14.66793
14.701266
14.734602
14.767939
14.801275
14.834611
14.867947
14.901283
14.93462
14.967956
15.001292
15.034628
15.067964
15.101301
15.134637
15.167973
15.201309
15.234645
15.267982
15.301318
15.334654
15.36799
15.401327
15.434663
15.467999
15.501335
15.534671
15.568007
15.601344
15.63468
15.668016
15.701352
15.734689
15.768025
15.801361
15.834697
15.868032
15.90137
15.934706
15.968042
16.001378
16.034714
16.068051
16.101387
16.134723
16.168059
16.201395
16.234732
16.268068
16.301404
16.33474
16.368077
16.401413
16.434749
16.468085
16.501421
16.534757
16.568094
16.60143
16.634766
16.668102
16.701439
16.734775
16.768111
16.801447
16.834782
16.868119
16.901456
16.934792
16.968128
17.001464
17.034801
17.068137
17.101473
17.134809
17.168145
17.201482
17.234818
17.268154
17.30149
17.334826
17.368163
17.401499
17.434835
17.468171
17.501507
17.534844
17.56818
17.601516
17.634852
17.668188
17.701524
17.734861
17.768197
17.801532
17.834869
17.868206
17.901542
17.934878
17.968214
18.001551
18.034887
18.068223
18.101559
18.134895
18.168231
18.201568
18.234904
18.26824
18.301576
18.334913
18.368249
18.401585
18.434921
18.468257
18.501594
18.53493
18.568266
18.601602
18.634938
18.668274
18.701611
18.734947
18.768282
18.801619
18.834956
18.868292
18.901628
18.934964
18.968301
19.001636
19.034973
19.068309
19.101645
19.134981
19.168318
19.201654
19.23499
19.268326
19.301663
19.334999
19.368335
19.401671
19.435007
19.468343
19.50168
19.535016
19.568352
19.601688
19.635024
19.668361
19.701697
19.735032
19.768369
19.801706
19.835042
19.868378
19.901714
19.93505
19.968386
20.001723
20.035059
20.068395
20.101731
20.135068
20.168404
20.20174
20.235076
20.268412
20.301748
20.335085
20.368421
20.401757
20.435093
20.46843
20.501766
20.535102
20.568438
20.601774
20.635111
20.668447
20.701782
20.735119
20.768455
20.801792
20.835128
20.868464
20.9018
20.935136
20.968473
21.001809
21.035145
21.068481
21.101818
21.135154
21.16849
21.201826
21.235162
21.268498
21.301835
21.335171
21.368507
21.401843
21.435179
21.468516
21.501852
21.535188
21.568524
21.601861
21.635197
21.668532
21.701869
21.735205
21.768542
21.801878
21.835214
21.86855
21.901886
21.935223
21.968559
22.001895
22.035231
22.068567
22.101903
22.13524
22.168576
22.201912
22.235248
22.268584
22.301921
22.335257
22.368593
22.401929
22.435266
22.468602
22.501938
22.535274
22.56861
22.601947
22.635282
22.668619
22.701955
22.735291
22.768628
22.801964
22.8353
22.868636
22.901972
22.935309
22.968645
23.001981
23.035317
23.068653
23.101989
23.135326
23.168662
23.201998
23.235334
23.268671
23.302007
23.335342
23.368679
23.402015
23.435352
23.468688
23.502024
23.53536
23.568696
23.602031
23.635369
23.668705
23.702041
23.735378
23.768714
23.80205
23.835386
23.868722
23.902059
23.935395
23.96873
24.002067
24.035403
24.068739
24.102076
24.135412
24.168748
24.202084
24.235421
24.268757
24.302092
24.335429
24.368765
24.402102
24.435438
24.468773
24.50211
24.535446
24.568781
24.602119
24.635455
24.668791
24.702127
24.735464
24.7688
24.802136
24.835472
24.868808
24.902145
24.93548
24.968817
25.002153
25.035489
25.068826
25.102161
25.135497
25.168834
25.202171
25.235507
25.268842
25.302179
25.335515
25.368851
25.402188
25.435523
25.46886
25.502196
25.535531
25.568869
25.602204
25.635541
25.668877
25.702214
25.73555
25.768885
25.802222
25.835558
25.868895
25.90223
25.935566
25.968903
26.002239
26.035576
26.068911
26.102247
26.135584
26.16892
26.202256
26.235592
26.268929
26.302265
26.335601
26.368938
26.402273
26.435609
26.468946
26.502282
26.535619
26.568954
26.602291
26.635627
26.668963
26.7023
26.735635
26.768972
26.802308
26.835644
26.86898
26.902316
26.935652
26.968989
27.002325
27.035661
27.068997
27.102334
27.13567
27.169006
27.202342
27.235679
27.269015
27.302351
27.335688
27.369023
27.402359
27.435696
27.469032
27.502368
27.535704
27.569041
27.602377
27.635713
27.66905
27.702385
27.735721
27.769058
27.802394
27.83573
27.869066
27.902402
27.935739
27.969075
28.002411
28.035747
28.069084
28.10242
28.135756
28.169092
28.202428
28.235764
28.269101
28.302437
28.335773
28.369109
28.402446
28.435782
28.469118
28.502454
28.53579
28.569126
28.602463
28.6358
28.669135
28.702471
28.735808
28.769144
28.80248
28.835816
28.869152
28.902489
28.935825
28.969161
29.002497
29.035833
29.06917
29.102506
29.135842
29.169178
29.202514
29.235851
29.269187
29.302523
29.335859
29.369196
29.402531
29.435868
29.469204
29.50254
29.535876
29.569213
29.602549
29.635885
29.669221
29.702558
29.735894
29.76923
29.802566
29.835902
29.869238
29.902575
29.935911
29.969247
30.002583
30.03592
30.069256
30.102592
30.135928
30.169264
30.202601
30.235937
30.269273
30.302609
30.335945
30.369281
30.402618
30.435954
30.46929
30.502626
30.535963
30.569299
30.602635
30.635971
30.669308
30.702644
30.73598
30.769316
30.802652
30.835988
30.869325
30.902661
30.935997
30.969333
31.00267
31.036006
31.069342
31.102678
31.136014
31.16935
31.202687
31.236023
31.269359
31.302695
31.336031
31.369368
31.402704
31.43604
31.469376
31.502712
31.536049
31.569385
31.602721
31.636057
31.669393
31.70273
31.736066
31.769402
31.802738
31.836075
31.869411
31.902747
31.936083
31.969419
32.002755
32.036092
32.069428
32.102764
32.1361
32.169436
32.202773
32.236109
32.269445
32.302781
32.336118
32.369454
32.40279
32.436126
32.469462
32.502799
32.536135
32.569471
32.602807
32.636143
32.66948
32.702816
32.736152
32.769488
32.802824
32.836161
32.869497
32.902833
32.936169
32.969505
33.002842
33.036178
33.069514
33.10285
33.136186
33.169523
33.202859
33.236195
33.269531
33.302867
33.336204
33.36954
33.402876
33.436212
33.469548
33.502885
33.536221
33.569557
33.602893
33.63623
33.669566
33.702902
33.736238
33.769574
33.802911
33.836247
33.869583
33.902919
33.936255
33.969591
34.002928
34.036264
34.0696
34.102936
34.136272
34.169609
34.202945
34.236281
34.269617
34.302953
34.33629
34.369626
34.402962
34.436298
34.469635
34.502971
34.536307
34.569643
34.602979
34.636316
34.669652
34.702988
34.736324
34.76966
34.802997
34.836333
34.869669
34.903005
34.936341
34.969678
35.003014
35.03635
35.069686
35.103022
35.136358
35.169695
35.203031
35.236367
35.269703
35.30304
35.336376
35.369712
35.403048
35.436384
35.469721
35.503057
35.536393
35.569729
35.603065
35.636402
35.669738
35.703074
35.73641
35.769746
35.803083
35.836419
35.869755
35.903091
35.936428
35.969763
36.0031
36.036436
36.069772
36.103108
36.136445
36.169781
36.203117
36.236453
36.26979
36.303126
36.336462
36.369798
36.403134
36.43647
36.469807
36.503143
36.536479
36.569815
36.603152
36.636488
36.669824
36.70316
36.736496
36.769833
36.803169
36.836505
36.869841
36.903177
36.936513
36.96985
37.003186
37.036522
37.069858
37.103195
37.136531
37.169867
37.203203
37.23654
37.269875
37.303212
37.336548
37.369884
37.40322
37.436557
37.469893
37.503229
37.536565
37.569901
37.603238
37.636574
37.66991
37.703246
37.736582
37.769919
37.803255
37.836591
37.869927
37.903263
37.9366
37.969936
38.003272
38.036608
38.069944
38.10328
38.136617
38.169953
38.203289
38.236625
38.269962
38.303298
38.336633
38.36997
38.403307
38.436643
38.469979
38.503315
38.536651
38.569987
38.603324
38.63666
38.669996
38.703332
38.736669
38.770005
38.803341
38.836677
38.870013
38.903349
38.936686
38.970022
39.003358
39.036694
39.07003
39.103367
39.136702
39.170039
39.203375
39.236712
39.270048
39.303383
39.33672
39.370056
39.403392
39.436729
39.470065
39.503401
39.536737
39.570074
39.60341
39.636745
39.670082
39.703419
39.736754
39.770091
39.803427
39.836763
39.870099
39.903436
39.936772
39.970107
40.003444
40.03678
40.070117
40.103452
40.136788
40.170125
40.203461
40.236798
40.270133
40.30347
40.336806
40.370142
40.403479
40.436814
40.47015
40.503487
40.536824
40.57016
40.603495
40.636832
40.670168
40.703504
40.736841
40.770176
40.803512
40.836849
40.870186
40.903522
40.936857
40.970194
41.00353
41.036866
41.070202
41.103538
41.136875
41.170211
41.203547
41.236883
41.270219
41.303556
41.336892
41.370228
41.403564
41.4369
41.470237
41.503573
41.53691
41.570245
41.603581
41.636918
41.670254
41.703591
41.736926
41.770262
41.803599
41.836935
41.870272
41.903607
41.936943
41.97028
42.003616
42.036952
42.070288
42.103624
42.136961
42.170297
42.203633
42.236969
42.270305
42.303642
42.336978
42.370314
42.40365
42.436987
42.470323
42.503658
42.536995
42.570331
42.603668
42.637004
42.67034
42.703676
42.737012
42.770349
42.803685
42.837021
42.870357
42.903693
42.937029
42.970366
43.003702
43.037038
43.070374
43.10371
43.137047
43.170383
43.203719
43.237055
43.270391
43.303728
43.337064
43.3704
43.403736
43.437073
43.470408
43.503745
43.537081
43.570417
43.603754
43.63709
43.670426
43.703762
43.737098
43.770435
43.803771
43.837107
43.870443
43.903779
43.937115
43.970452
44.003788
44.037124
44.07046
44.103797
44.137133
44.170469
44.203805
44.237141
44.270477
44.303814
44.33715
44.370486
44.403822
44.437158
44.470495
44.503831
44.537167
44.570503
44.60384
44.637176
44.670512
44.703848
44.737184
44.77052
44.803857
44.837193
44.870529
44.903865
44.937202
44.970538
45.003874
45.03721
45.070546
45.103882
45.137219
45.170555
45.203891
45.237227
45.270564
45.3039
45.337236
45.370572
45.403908
45.437245
45.470581
45.503917
45.537253
45.570589
45.603926
45.637262
45.670598
45.703934
45.73727
45.770607
45.803943
45.837279
45.870615
45.903951
45.937288
45.970624
46.00396
46.037296
46.070632
46.103969
46.137305
46.170641
46.203977
46.237314
46.270649
46.303986
46.337322
46.370657
46.403994
46.437331
46.470667
46.504003
46.537339
46.570676
46.604012
46.637348
46.670684
46.70402
46.737356
46.770693
46.804029
46.837365
46.870701
46.904038
46.937374
46.97071
47.004046
47.037382
47.070718
47.104055
47.137391
47.170727
47.204063
47.237399
47.270736
47.304072
47.337407
47.370744
47.404081
47.437417
47.470753
47.504089
47.537425
47.570761
47.604098
47.637434
47.67077
47.704106
47.737443
47.770779
47.804115
47.837451
47.870787
47.904123
47.93746
47.970796
48.004132
48.037468
48.070804
48.104141
48.137477
48.170813
48.204149
48.237486
48.270822
48.304157
48.337494
48.37083
48.404167
48.437503
48.470839
48.504175
48.537511
48.570848
48.604184
48.63752
48.670856
48.704192
48.737528
48.770865
48.804201
48.837537
48.870873
48.904209
48.937546
48.970882
49.004218
49.037554
49.07089
49.104227
49.137563
49.170899
49.204235
49.237572
49.270906
49.304244
49.33758
49.370916
49.404253
49.437589
49.470925
49.504261
49.537597
49.570934
49.60427
49.637606
49.670942
49.704278
49.737614
49.770951
49.804287
49.837623
49.870959
49.904296
49.937632
49.970967
50.004304
50.03764
50.070976
50.104313
50.137648
50.170985
50.204321
50.237656
50.270994
50.304329
50.337666
50.371002
50.404339
50.437675
50.47101
50.504347
50.537683
50.57102
50.604355
50.637691
50.671027
50.704364
50.737701
50.771036
50.804372
50.837709
50.871045
50.904381
50.937717
50.971054
51.00439
51.037726
51.071063
51.104398
51.137734
51.171071
51.204407
51.237744
51.271079
51.304416
51.337752
51.371088
51.404425
51.43776
51.471097
51.504433
51.537769
51.571105
51.604441
51.637777
51.671114
51.70445
51.737786
51.771122
51.804458
51.837795
51.871131
51.904467
51.937803
51.971139
52.004476
52.037813
52.071148
52.104484
52.137821
52.171157
52.204493
52.237829
52.271165
52.304501
52.337838
52.371175
52.40451
52.437846
52.471183
52.504519
52.537855
52.571191
52.604527
52.637863
52.6712
52.704536
52.737872
52.771208
52.804545
52.837881
52.871217
52.904553
52.937889
52.971226
53.004562
53.037898
53.071234
53.10457
53.137906
53.171243
53.204579
53.237915
53.271251
53.304588
53.337924
53.37126
53.404596
53.437932
53.471268
53.504605
53.537941
53.571277
53.604613
53.63795
53.671286
53.704622
53.737958
53.771295
53.80463
53.837967
53.871303
53.904639
53.937975
53.971312
54.004648
54.037984
54.07132
54.104656
54.137993
54.171329
54.204665
54.238001
54.271337
54.304674
54.33801
54.371346
54.404682
54.438018
54.471355
54.504691
54.538027
54.571363
54.604699
54.638036
54.671372
54.704708
54.738044
54.77138
54.804716
54.838053
54.871389
54.904725
54.938061
54.971397
55.004734
55.03807
55.071406
55.104742
55.138078
55.171415
55.204751
55.238087
55.271423
55.304759
55.338096
55.371432
55.404768
55.438104
55.471441
55.504777
55.538113
55.571449
55.604785
55.638122
55.671458
55.704794
55.73813
55.771466
55.804803
55.838139
55.871475
55.904811
55.938147
55.971483
56.00482
56.038156
56.071492
56.104828
56.138165
56.171501
56.204837
56.238173
56.271509
56.304845
56.338182
56.371518
56.404854
56.43819
56.471526
56.504863
56.538199
56.571535
56.604871
56.638208
56.671544
56.70488
56.738216
56.771552
56.804888
56.838225
56.871561
56.904897
56.938233
56.97157
57.004906
57.038242
57.071578
57.104914
57.13825
57.171587
57.204923
57.238259
57.271595
57.304932
57.338268
57.371604
57.40494
57.438276
57.471612
57.504949
57.538285
57.571621
57.604957
57.638294
57.67163
57.704966
57.738302
57.771638
57.804974
57.838311
57.871647
57.904983
57.938319
57.971655
58.004992
58.038327
58.071664
58.105
58.138337
58.171673
58.205008
58.238345
58.271681
58.305017
58.338354
58.371689
58.405025
58.438362
58.471699
58.505035
58.53837
58.571707
58.605043
58.638379
58.671716
58.705051
58.738388
58.771724
58.805061
58.838397
58.871732
58.905069
58.938405
58.971741
59.005077
59.038413
59.07175
59.105086
59.138422
59.171758
59.205094
59.238431
59.271767
59.305104
59.338439
59.371775
59.405112
59.438448
59.471783
59.50512
59.538456
59.571793
59.605129
59.638466
59.671801
59.705137
59.738474
59.77181
59.805146
59.838482
59.871818
59.905154
59.938491
59.971827
60.005163
60.038499
60.071836
60.105172
60.138508
60.171844
60.20518
60.238517
60.271853
60.305189
60.338525
60.371861
60.405198
60.438533
60.47187
60.505206
60.538542
60.571879
60.605215
60.638551
60.671887
60.705223
60.73856
60.771896
60.805232
60.838568
60.871904
60.90524
60.938577
60.971913
61.005249
61.038585
61.071922
61.105258
61.138594
61.17193
61.205266
61.238602
61.271939
61.305275
61.338611
61.371947
61.405283
61.43862
61.471956
61.505292
61.538628
61.571964
61.605301
61.638637
61.671973
61.705309
61.738645
61.771982
61.805318
61.838654
61.87199
61.905326
61.938663
61.971999
62.005335
62.038671
62.072007
62.105344
62.13868
62.172016
62.205352
62.238689
62.272025
62.305361
62.338697
62.372032
62.405369
62.438706
62.472042
62.505378
62.538714
62.572051
62.605387
62.638723
62.672059
62.705395
62.738731
62.772068
62.805404
62.83874
62.872076
62.905413
62.938749
62.972085
63.005421
63.038757
63.072093
63.10543
63.138766
63.172102
63.205438
63.238774
63.272111
63.305447
63.338782
63.372119
63.405456
63.438792
63.472128
63.505464
63.5388
63.572136
63.605473
63.638809
63.672145
63.705481
63.738818
63.772154
63.80549
63.838826
63.872162
63.905498
63.938835
63.972171
64.005507
64.038843
64.072179
64.105516
64.138852
64.172188
64.205524
64.23886
64.272197
64.305532
64.338869
64.372205
64.405541
64.438878
64.472214
64.50555
64.538886
64.572223
64.605559
64.638895
64.672231
64.705567
64.738903
64.772239
64.805576
64.838912
64.872248
64.905584
64.938921
64.972257
65.005592
65.038929
65.072265
65.105601
65.138938
65.172273
65.20561
65.238946
65.272281
65.305619
65.338954
65.372291
65.405627
65.438963
65.4723
65.505635
65.538972
65.572308
65.605645
65.63898
65.672316
65.705652
65.738989
65.772326
65.805661
65.838997
65.872334
65.90567
65.939006
65.972342
66.005678
66.039014
66.072351
66.105688
66.139023
66.172359
66.205696
66.239032
66.272368
66.305704
66.339041
66.372376
66.405713
66.43905
66.472385
66.505721
66.539058
66.572394
66.60573
66.639066
66.672402
66.705739
66.739075
66.772411
66.805747
66.839083
66.87242
66.905756
66.939092
66.972428
67.005764
67.039101
67.072437
67.105773
67.139109
67.172445
67.205781
67.239118
67.272454
67.30579
67.339126
67.372463
67.405799
67.439135
67.472471
67.505807
67.539143
67.57248
67.605816
67.639152
67.672488
67.705825
67.739161
67.772497
67.805833
67.839169
67.872505
67.905842
67.939178
67.972514
68.00585
68.039186
68.072523
68.105859
68.139195
68.172531
68.205868
68.239204
68.27254
68.305876
68.339212
68.372548
68.405885
68.439221
68.472557
68.505893
68.539229
68.572566
68.605902
68.639238
68.672574
68.705911
68.739247
68.772583
68.805919
68.839255
68.872591
68.905928
68.939264
68.9726
69.005936
69.039272
69.072608
69.105945
69.139281
69.172617
69.205953
69.23929
69.272626
69.305962
69.339298
69.372634
69.405971
69.439307
69.472643
69.505979
69.539315
69.572652
69.605988
69.639324
69.67266
69.705996
69.739333
69.772669
69.806005
69.839341
69.872677
69.906013
69.93935
69.972686
70.006022
70.039358
70.072695
70.106031
70.139367
70.172703
70.206039
70.239375
70.272712
70.306048
70.339383
70.37272
70.406057
70.439393
70.472729
70.506065
70.539401
70.572737
70.606074
70.63941
70.672745
70.706082
70.739419
70.772755
70.806091
70.839427
70.872763
70.9061
70.939436
70.972772
71.006108
71.039444
71.07278
71.106117
71.139452
71.172789
71.206125
71.239462
71.272798
71.306133
71.33947
71.372806
71.406142
71.439479
71.472814
71.50615
71.539487
71.572823
71.60616
71.639495
71.672832
71.706168
71.739504
71.772841
71.806177
71.839512
71.872849
71.906186
71.939522
71.972857
72.006193
72.03953
72.072866
72.106202
72.139538
72.172874
72.206211
72.239547
72.272883
72.306219
72.339555
72.372892
72.406228
72.439564
72.4729
72.506237
72.539573
72.572908
72.606245
72.639581
72.672917
72.706254
72.73959
72.772926
72.806262
72.839598
72.872935
72.906271
72.939607
72.972943
73.006279
73.039615
73.072952
73.106288
73.139624
73.17296
73.206297
73.239633
73.272969
73.306305
73.339641
73.372977
73.406314
73.43965
73.472986
73.506322
73.539658
73.572995
73.606331
73.639667
73.673003
73.70634
73.739676
73.773012
73.806348
73.839684
73.87302
73.906357
73.939693
73.973029
74.006365
74.039702
74.073038
74.106374
74.13971
74.173046
74.206382
74.239719
74.273055
74.306391
74.339727
74.373064
74.4064
74.439736
74.473072
74.506407
74.539744
74.573081
74.606417
74.639753
74.673089
74.706426
74.739762
74.773098
74.806434
74.83977
74.873106
74.906443
74.939779
74.973115
75.006451
75.039788
75.073124
75.10646
75.139796
75.173132
75.206468
75.239805
75.273141
75.306477
75.339813
75.373149
75.406486
75.439822
75.473157
75.506494
75.53983
75.573167
75.606503
75.639839
75.673175
75.706511
75.739848
75.773184
75.80652
75.839856
75.873192
75.906528
75.939865
75.973201
76.006537
76.039873
76.073209
76.106546
76.139882
76.173218
76.206554
76.23989
76.273227
76.306563
76.339899
76.373235
76.406571
76.439906
76.473244
76.50658
76.539916
76.573253
76.606589
76.639925
76.673261
76.706597
76.739933
76.77327
76.806605
76.839942
76.873278
76.906614
76.939951
76.973286
77.006622
77.039959
77.073295
77.106631
77.139967
77.173304
77.20664
77.239976
77.273313
77.306648
77.339984
77.373321
77.406657
77.439993
77.473329
77.506666
77.540002
77.573338
77.606675
77.64001
77.673346
77.706683
77.740019
77.773355
77.806691
77.840027
77.873364
77.9067
77.940036
77.973372
78.006708
78.040045
78.073381
78.106717
78.140053
78.173389
78.206726
78.240062
78.273398
78.306734
78.34007
78.373406
78.406743
78.440079
78.473415
78.506751
78.540088
78.573424
78.60676
78.640096
78.673432
78.706768
78.740105
78.773441
78.806777
78.840113
78.87345
78.906786
78.940122
78.973458
79.006794
79.04013
79.073467
79.106803
79.140139
79.173475
79.206811
79.240148
79.273484
79.30682
79.340156
79.373492
79.406829
79.440165
79.473501
79.506837
79.540173
79.57351
79.606846
79.640182
79.673518
79.706854
79.740191
79.773527
79.806863
79.840199
79.873535
79.906872
79.940208
79.973544
80.00688
80.040216
80.073553
80.106889
80.140225
80.173561
80.206897
80.240233
80.27357
80.306906
80.340242
80.373578
80.406915
80.440251
80.473587
80.506923
80.540259
80.573595
80.606932
80.640268
80.673604
80.70694
80.740276
80.773613
80.806949
80.840285
80.873621
80.906957
80.940294
80.97363
81.006966
81.040302
81.073638
81.106975
81.140311
81.173647
81.206983
81.240319
81.273655
81.306992
81.340328
81.373664
81.407
81.440337
81.473673
81.507008
81.540345
81.573681
81.607017
81.640354
81.67369
81.707026
81.740362
81.773699
81.807035
81.84037
81.873707
81.907043
81.940379
81.973716
82.007052
82.040388
82.073724
82.107061
82.140397
82.173732
82.207069
82.240405
82.273741
82.307077
82.340413
82.37375
82.407086
82.440422
82.473758
82.507094
82.540431
82.573767
82.607103
82.640439
82.673775
82.707112
82.740448
82.773785
82.80712
82.840456
82.873793
82.907129
82.940466
82.973801
83.007137
83.040474
83.07381
83.107146
83.140482
83.173818
83.207154
83.240491
83.273827
83.307163
83.340499
83.373835
83.407172
83.440508
83.473844
83.50718
83.540516
83.573853
83.607189
83.640525
83.673861
83.707197
83.740533
83.77387
83.807206
83.840542
83.873878
83.907215
83.940551
83.973887
84.007223
84.040559
84.073895
84.107232
84.140568
84.173904
84.20724
84.240577
84.273913
84.307249
84.340585
84.373921
84.407257
84.440594
84.47393
84.507266
84.540602
84.573939
84.607274
84.640611
84.673947
84.707282
84.740619
84.773956
84.807292
84.840628
84.873964
84.907301
84.940637
84.973973
85.007309
85.040645
85.073981
85.107318
85.140654
85.17399
85.207326
85.240663
85.273999
85.307335
85.340671
85.374007
85.407343
85.44068
85.474016
85.507352
85.540688
85.574024
85.607361
85.640697
85.674032
85.707369
85.740705
85.774042
85.807378
85.840714
85.87405
85.907386
85.940723
85.974059
86.007395
86.040731
86.074067
86.107403
86.14074
86.174076
86.207412
86.240748
86.274084
86.307421
86.340757
86.374092
86.407429
86.440765
86.474102
86.507438
86.540773
86.57411
86.607446
86.640781
86.674119
86.707454
86.740791
86.774127
86.807464
86.8408
86.874135
86.907472
86.940808
86.974145
87.00748
87.040816
87.074152
87.107489
87.140825
87.174161
87.207497
87.240834
87.27417
87.307506
87.340842
87.374178
87.407514
87.440851
87.474187
87.507523
87.540859
87.574196
87.607532
87.640868
87.674204
87.70754
87.740876
87.774213
87.807549
87.840885
87.874221
87.907558
87.940894
87.97423
88.007566
88.040902
88.074238
88.107575
88.140911
88.174247
88.207583
88.24092
88.274256
88.307592
88.340928
88.374264
88.4076
88.440937
88.474273
88.507609
88.540945
88.574281
88.607618
88.640954
88.67429
88.707626
88.740962
88.774299
88.807635
88.840971
88.874307
88.907643
88.94098
88.974316
89.007652
89.040988
89.074324
89.107661
89.140997
89.174333
89.207669
89.241005
89.274341
89.307678
89.341014
89.37435
89.407686
89.441022
89.474359
89.507695
89.541031
89.574367
89.607703
89.64104
89.674376
89.707712
89.741048
89.774384
89.80772
89.841057
89.874393
89.907729
89.941065
89.974401
90.007738
90.041074
90.07441
90.107746
90.141082
90.174419
90.207755
90.241091
90.274427
90.307763
90.3411
90.374436
90.407772
90.441108
90.474444
90.50778
90.541117
90.574453
90.607789
90.641125
90.674462
90.707798
90.741133
90.77447
90.807806
90.841142
90.874479
90.907815
90.941151
90.974487
91.007824
91.04116
91.074495
91.107832
91.141168
91.174504
91.207841
91.241177
91.274513
91.307849
91.341186
91.374522
91.407857
91.441194
91.47453
91.507866
91.541202
91.574538
91.607875
91.641211
91.674547
91.707883
91.741219
91.774556
91.807892
91.841228
91.874564
91.9079
91.941237
91.974573
92.00791
92.041245
92.074581
92.107918
92.141254
92.17459
92.207926
92.241262
92.274598
92.307935
92.341271
92.374607
92.407943
92.441279
92.474615
92.507952
92.541288
92.574624
92.60796
92.641297
92.674633
92.707969
92.741305
92.774641
92.807977
92.841314
92.87465
92.907986
92.941322
92.974658
93.007995
93.041331
93.074667
93.108003
93.141339
93.174676
93.208012
93.241348
93.274684
93.30802
93.341357
93.374693
93.408029
93.441365
93.474701
93.508038
93.541374
93.57471
93.608046
93.641382
93.674719
93.708055
93.741391
93.774727
93.808063
93.841399
93.874736
93.908072
93.941407
93.974744
94.008081
94.041417
94.074753
94.108089
94.141425
94.174761
94.208098
94.241434
94.27477
94.308106
94.341443
94.374779
94.408115
94.441451
94.474787
94.508123
94.54146
94.574796
94.608132
94.641468
94.674804
94.708141
94.741477
94.774813
94.808149
94.841485
94.874822
94.908156
94.941494
94.97483
95.008166
95.041503
95.074839
95.108175
95.141511
95.174847
95.208184
95.24152
95.274855
95.308192
95.341528
95.374864
95.408201
95.441536
95.474872
95.508209
95.541546
95.574881
95.608217
95.641554
95.67489
95.708226
95.741563
95.774898
95.808234
95.841571
95.874907
95.908243
95.941579
95.974916
96.008252
96.041588
96.074925
96.10826
96.141596
96.174933
96.208269
96.241605
96.274941
96.308277
96.341613
96.37495
96.408286
96.441622
96.474958
96.508295
96.541631
96.574967
96.608303
96.641639
96.674976
96.708312
96.741648
96.774984
96.80832
96.841656
96.874993
96.908329
96.941665
96.975001
97.008337
97.041674
97.07501
97.108346
97.141682
97.175018
97.208355
97.241691
97.275027
97.308363
97.341699
97.375036
97.408372
97.441708
97.475044
97.50838
97.541716
97.575053
97.608389
97.641725
97.675061
97.708397
97.741734
97.77507
97.808406
97.841742
97.875078
97.908415
97.941751
97.975087
98.008423
98.041759
98.075096
98.108432
98.141768
98.175104
98.20844
98.241777
98.275113
98.308449
98.341785
98.375121
98.408458
98.441794
98.47513
98.508466
98.541802
98.575138
98.608475
98.641811
98.675147
98.708483
98.74182
98.775156
98.808492
98.841828
98.875164
98.9085
98.941837
98.975173
99.008508
99.041845
99.075181
99.108517
99.141854
99.17519
99.208526
99.241862
99.275199
99.308535
99.34187
99.375207
99.408543
99.441879
99.475216
99.508552
99.541888
99.575224
99.608561
99.641897
99.675232
99.708569
99.741905
99.775241
99.808577
99.841913
99.87525
99.908586
99.941922
99.975258
100.008594
100.041931
100.075267
100.108603
100.141939
100.175275
100.208611
100.241948
100.275283
100.30862
100.341956
100.375293
100.408629
100.441965
100.475301
100.508637
100.541973
100.57531
100.608646
100.641982
100.675318
100.708654
100.74199
100.775327
100.808663
100.841999
100.875335
100.908672
100.942008
100.975344
101.00868
101.042016
101.075352
101.108689
101.142025
101.175361
101.208697
101.242033
101.27537
101.308706
101.342042
101.375378
101.408714
101.442051
101.475387
101.508723
101.542059
101.575395
101.608732
101.642068
101.675404
101.70874
101.742076
101.775413
101.808749
101.842085
101.875421
101.908757
101.942093
101.97543
102.008766
102.042102
102.075438
102.108774
102.142111
102.175447
102.208782
102.242119
102.275455
102.308792
102.342128
102.375464
102.4088
102.442136
102.475473
102.508809
102.542145
102.575481
102.608817
102.642153
102.67549
102.708826
102.742162
102.775498
102.808834
102.842171
102.875507
102.908843
102.942179
102.975515
103.008852
103.042188
103.075523
103.10886
103.142196
103.175531
103.208869
103.242204
103.275541
103.308877
103.342214
103.37555
103.408885
103.442222
103.475558
103.508895
103.54223
103.575566
103.608902
103.642239
103.675576
103.708911
103.742247
103.775584
103.80892
103.842256
103.875592
103.908928
103.942264
103.975601
104.008938
104.042273
104.075609
104.108946
104.142281
104.175618
104.208954
104.24229
104.275626
104.308963
104.342299
104.375635
104.408971
104.442308
104.475644
104.50898
104.542316
104.575652
104.608988
104.642325
104.675661
104.708997
104.742333
104.775669
104.809005
104.842342
104.875678
104.909014
104.94235
104.975687
105.009023
105.042359
105.075695
105.109031
105.142367
105.175704
105.20904
105.242376
105.275712
105.309048
105.342385
105.375721
105.409057
105.442393
105.475729
105.509066
105.542402
105.575738
105.609074
105.64241
105.675747
105.709083
105.742419
105.775755
105.809091
105.842428
105.875763
105.9091
105.942436
105.975772
106.009108
106.042445
106.075781
106.109117
106.142453
106.17579
106.209125
106.242462
106.275798
106.309134
106.34247
106.375807
106.409143
106.442479
106.475815
106.509151
106.542488
106.575824
106.60916
106.642496
106.675832
106.709169
106.742505
106.775841
106.809177
106.842513
106.875849
106.909186
106.942522
106.975857
107.009194
107.04253
107.075867
107.109202
107.142538
107.175875
107.209211
107.242548
107.275883
107.309219
107.342556
107.375892
107.409229
107.442564
107.4759
107.509237
107.542573
107.57591
107.609245
107.642581
107.675918
107.709254
107.74259
107.775926
107.809262
107.842599
107.875935
107.909271
107.942607
107.975943
108.009279
108.042615
108.075952
108.109288
108.142624
108.17596
108.209297
108.242633
108.275969
108.309305
108.342641
108.375977
108.409314
108.44265
108.475986
108.509322
108.542658
108.575995
108.609331
108.642667
108.676003
108.709339
108.742676
108.776012
108.809348
108.842684
108.87602
108.909357
108.942693
108.976029
109.009365
109.042701
109.076038
109.109374
109.14271
109.176046
109.209382
109.242719
109.276055
109.309391
109.342727
109.376063
109.409399
109.442736
109.476072
109.509407
109.542744
109.576081
109.609417
109.642753
109.676089
109.709425
109.742761
109.776098
109.809434
109.84277
109.876106
109.909442
109.942778
109.976115
110.009451
110.042787
110.076123
110.109459
110.142796
110.176132
110.209468
110.242804
110.27614
110.309477
110.342813
110.376148
110.409485
110.442821
110.476156
110.509494
110.542829
110.576166
110.609502
110.642838
110.676175
110.70951
110.742847
110.776183
110.809519
110.842855
110.876191
110.909527
110.942864
110.9762
111.009536
111.042872
111.076209
111.109545
111.142881
111.176217
111.209553
111.242889
111.276226
111.309562
111.342898
111.376234
111.40957
111.442906
111.476243
111.509579
111.542915
111.576251
111.609588
111.642924
111.67626
111.709596
111.742932
111.776268
111.809605
111.842941
111.876277
111.909613
111.94295
111.976286
112.009622
112.042958
112.076294
112.10963
112.142967
112.176303
112.209639
112.242975
112.276311
112.309648
112.342984
112.37632
112.409656
112.442992
112.476328
112.509665
112.543001
112.576337
112.609673
112.643009
112.676346
112.709682
112.743018
112.776354
112.80969
112.843027
112.876363
112.909699
112.943035
112.976371
113.009708
113.043044
113.07638
113.109716
113.143052
113.176388
113.209725
113.243061
113.276397
113.309733
113.34307
113.376405
113.409742
113.443078
113.476414
113.50975
113.543087
113.576423
113.609758
113.643095
113.676431
113.709767
113.743104
113.77644
113.809776
113.843112
113.876449
113.909785
113.94312
113.976457
114.009793
114.043129
114.076466
114.109802
114.143137
114.176474
114.209811
114.243147
114.276482
114.309818
114.343155
114.376491
114.409827
114.443163
114.476499
114.509836
114.543172
114.576508
114.609844
114.64318
114.676517
114.709853
114.743189
114.776525
114.809861
114.843198
114.876533
114.90987
114.943206
114.976542
115.009879
115.043215
115.076551
115.109887
115.143223
115.176559
115.209895
115.243232
115.276568
115.309904
115.34324
115.376577
115.409913
115.443249
115.476585
115.509922
115.543257
115.576594
115.60993
115.643266
115.676602
115.709939
115.743275
115.776611
115.809947
115.843282
115.876619
115.909956
115.943292
115.976628
116.009964
116.043301
116.076637
116.109973
116.143309
116.176645
116.209981
116.243318
116.276654
116.30999
116.343326
116.376662
116.409998
116.443335
116.476671
116.510007
116.543343
116.576679
116.610016
116.643352
116.676688
116.710024
116.74336
116.776697
116.810032
116.843369
116.876705
116.910041
116.943378
116.976714
117.01005
117.043386
117.076722
117.110059
117.143395
117.17673
117.210067
117.243403
117.276739
117.310076
117.343411
117.376747
117.410084
117.44342
117.476756
117.510092
117.543429
117.576765
117.610101
117.643438
117.676773
117.710109
117.743446
117.776782
117.810118
117.843454
117.87679
117.910127
117.943463
117.9768
118.010135
118.043471
118.076808
118.110144
118.14348
118.176816
118.210152
118.243488
118.276825
118.310161
118.343497
118.376833
118.41017
118.443506
118.476842
118.510178
118.543514
118.57685
118.610187
118.643523
118.676859
118.710195
118.743531
118.776867
118.810204
118.84354
118.876876
118.910212
118.943548
118.976885
119.010221
119.043557
119.076893
119.110229
119.143566
119.176902
119.210238
119.243574
119.27691
119.310247
119.343583
119.376919
119.410255
119.443591
119.476928
119.510264
119.5436
119.576936
119.610272
119.643608
119.676945
119.710281
119.743617
119.776953
119.81029
119.843626
119.876962
119.910298
119.943634
119.97697
120.010307
120.043643
120.076979
120.110315
120.143651
120.176987
120.210324
120.24366
120.276995
120.310332
120.343669
120.377005
120.410341
120.443677
120.477013
120.510349
120.543686
120.577022
120.610357
120.643694
120.67703
120.710367
120.743702
120.777038
120.810375
120.843711
120.877047
120.910383
120.943719
120.977056
121.010392
121.043728
121.077064
121.1104
121.143737
121.177073
121.210408
121.243745
121.277081
121.310417
121.343754
121.37709
121.410426
121.443762
121.477098
121.510435
121.543771
121.577107
121.610443
121.643779
121.677115
121.710452
121.743788
121.777124
121.81046
121.843797
121.877133
121.910469
121.943805
121.977141
122.010477
122.043814
122.07715
122.110486
122.143822
122.177157
122.210494
122.243831
122.277167
122.310503
122.343839
122.377176
122.410512
122.443848
122.477184
122.51052
122.543856
122.577193
122.610529
122.643865
122.677201
122.710538
122.743874
122.77721
122.810546
122.843882
122.877218
122.910554
122.943891
122.977227
123.010563
123.043899
123.077235
123.110572
123.143907
123.177244
123.21058
123.243916
123.277253
123.310589
123.343925
123.377261
123.410597
123.443934
123.47727
123.510605
123.543942
123.577278
123.610614
123.643951
123.677287
123.710622
123.743959
123.777296
123.810631
123.843967
123.877304
123.91064
123.943976
123.977313
124.010648
124.043984
124.077321
124.110657
124.143993
124.177329
124.210666
124.244001
124.277338
124.310675
124.34401
124.377346
124.410683
124.444019
124.477355
124.510691
124.544027
124.577363
124.6107
124.644036
124.677372
124.710708
124.744045
124.777381
124.810717
124.844053
124.877389
124.910725
124.944062
124.977398
125.010734
125.04407
125.077406
125.110742
125.144079
125.177415
125.210751
125.244087
125.277423
125.31076
125.344096
125.377432
125.410768
125.444104
125.477441
125.510777
125.544113
125.577449
125.610785
125.644122
125.677458
125.710794
125.74413
125.777466
125.810803
125.844138
125.877475
125.910811
125.944147
125.977483
126.01082
126.044156
126.077492
126.110828
126.144164
126.1775
126.210837
126.244173
126.277508
126.310845
126.344182
126.377518
126.410854
126.44419
126.477526
126.510862
126.544199
126.577535
126.61087
126.644207
126.677544
126.710879
126.744216
126.777552
126.810888
126.844224
126.877561
126.910897
126.944232
126.977569
127.010905
127.044241
127.077577
127.110913
127.144249
127.177586
127.210922
127.244258
127.277594
127.31093
127.344267
127.377603
127.410939
127.444275
127.477611
127.510948
127.544283
127.57762
127.610956
127.644292
127.677629
127.710965
127.744301
127.777637
127.810973
127.84431
127.877645
127.910982
127.944318
127.977654
128.01099
128.044327
128.077663
128.110999
128.144335
128.177671
128.211007
128.244344
128.27768
128.311016
128.344352
128.377689
128.411025
128.444361
128.477697
128.511032
128.544369
128.577706
128.611042
128.644378
128.677714
128.711051
128.744386
128.777723
128.811059
128.844395
128.877731
128.911068
128.944404
128.97774
129.011076
129.044412
129.077748
129.111085
129.144421
129.177757
129.211093
129.244429
129.277766
129.311102
129.344438
129.377774
129.41111
129.444446
129.477781
129.511119
129.544455
129.577791
129.611127
129.644464
129.6778
129.711136
129.744472
129.777808
129.811145
129.84448
129.877816
129.911152
129.944489
129.977826
130.011161
130.044497
130.077834
130.11117
130.144506
130.177842
130.211178
130.244514
130.277851
130.311187
130.344523
130.377859
130.411196
130.444532
130.477868
130.511204
130.54454
130.577876
130.611213
130.644549
130.677885
130.711221
130.744557
130.777893
130.81123
130.844566
130.877902
130.911238
130.944575
130.977911
131.011247
131.044583
131.077919
131.111255
131.144592
131.177928
131.211264
131.2446
131.277936
131.311273
131.344609
131.377945
131.411281
131.444617
131.477953
131.51129
131.544626
131.577962
131.611298
131.644634
131.677971
131.711307
131.744643
131.777979
131.811315
131.844652
131.877988
131.911324
131.94466
131.977996
132.011333
132.044669
132.078005
132.111341
132.144677
132.178013
132.21135
132.244686
132.278022
132.311358
132.344694
132.37803
132.411367
132.444703
132.478039
132.511375
132.544712
132.578048
132.611383
132.64472
132.678056
132.711392
132.744729
132.778064
132.8114
132.844737
132.878073
132.91141
132.944745
132.978082
133.011418
133.044754
133.078091
133.111426
133.144762
133.178099
133.211435
133.244771
133.278107
133.311443
133.344779
133.378116
133.411452
133.444788
133.478124
133.51146
133.544797
133.578133
133.611469
133.644805
133.678141
133.711478
133.744814
133.77815
133.811486
133.844822
133.878158
133.911495
133.944831
133.978167
134.011503
134.044839
134.078176
134.111512
134.144848
134.178184
134.21152
134.244857
134.278193
134.311529
134.344865
134.378201
134.411538
134.444874
134.47821
134.511546
134.544882
134.578218
134.611555
134.644891
134.678227
134.711563
134.744899
134.778236
134.811572
134.844907
134.878244
134.91158
134.944917
134.978253
135.011589
135.044925
135.078261
135.111598
135.144934
135.17827
135.211606
135.244942
135.278278
135.311614
135.344951
135.378287
135.411622
135.444959
135.478296
135.511632
135.544967
135.578304
135.61164
135.644976
135.678313
135.711648
135.744984
135.778321
135.811657
135.844993
135.878329
135.911666
135.945002
135.978338
136.011675
136.04501
136.078346
136.111683
136.145019
136.178355
136.211691
136.245027
136.278363
136.3117
136.345036
136.378372
136.411708
136.445045
136.478381
136.511717
136.545053
136.578389
136.611725
136.645062
136.678398
136.711734
136.74507
136.778406
136.811743
136.845079
136.878415
136.911751
136.945087
136.978423
137.01176
137.045096
137.078432
137.111768
137.145104
137.178441
137.211777
137.245113
137.278449
137.311785
137.345122
137.378458
137.411794
137.44513
137.478466
137.511803
137.545138
137.578475
137.611811
137.645147
137.678483
137.71182
137.745156
137.778492
137.811828
137.845164
137.8785
137.911837
137.945173
137.978508
138.011845
138.045182
138.078517
138.111854
138.14519
138.178526
138.211862
138.245199
138.278535
138.31187
138.345207
138.378543
138.411879
138.445216
138.478551
138.511888
138.545224
138.578561
138.611897
138.645232
138.678568
138.711905
138.745241
138.778577
138.811913
138.845249
138.878586
138.911922
138.945258
138.978594
139.01193
139.045267
139.078603
139.111939
139.145275
139.178611
139.211947
139.245283
139.27862
139.311956
139.345292
139.378628
139.411965
139.445301
139.478637
139.511973
139.545309
139.578645
139.611982
139.645318
139.678654
139.71199
139.745326
139.778663
139.811999
139.845335
139.878671
139.912007
139.945344
139.97868
140.012016
140.045352
140.078688
140.112024
140.145361
140.178697
140.212032
140.245369
140.278706
140.312042
140.345378
140.378714
140.41205
140.445386
140.478723
140.512059
140.545395
140.578731
140.612067
140.645403
140.67874
140.712076
140.745412
140.778748
140.812084
140.845421
140.878757
140.912092
140.945429
140.978765
141.012102
141.045438
141.078773
141.11211
141.145446
141.178781
141.212119
141.245454
141.278791
141.312127
141.345463
141.3788
141.412135
141.445472
141.478808
141.512144
141.54548
141.578816
141.612152
141.645489
141.678825
141.712161
141.745497
141.778833
141.81217
141.845506
141.878842
141.912178
141.945514
141.97885
142.012187
142.045523
142.078859
142.112195
142.145531
142.178868
142.212204
142.24554
142.278876
142.312212
142.345549
142.378885
142.412221
142.445557
142.478893
142.51223
142.545566
142.578902
142.612238
142.645574
142.67891
142.712247
142.745583
142.778919
142.812255
142.845591
142.878928
142.912264
142.9456
142.978936
143.012272
143.045608
143.078945
143.112281
143.145617
143.178953
143.212289
143.245625
143.278962
143.312298
143.345634
143.37897
143.412307
143.445643
143.478979
143.512315
143.545651
143.578987
143.612324
143.64566
143.678995
143.712332
143.745669
143.779005
143.812341
143.845677
143.879013
143.912349
143.945686
143.979022
144.012357
144.045694
144.07903
144.112366
144.145702
144.179038
144.212374
144.245711
144.279047
144.312383
144.345719
144.379055
144.412392
144.445728
144.479064
144.5124
144.545736
144.579073
144.612408
144.645745
144.679081
144.712417
144.745753
144.77909
144.812426
144.845762
144.879098
144.912434
144.94577
144.979107
145.012443
145.045779
145.079115
145.112452
145.145788
145.179124
145.21246
145.245796
145.279132
145.312469
145.345805
145.379141
145.412477
145.445814
145.479149
145.512486
145.545822
145.579157
145.612494
145.645831
145.679167
145.712503
145.745839
145.779175
145.812511
145.845848
145.879184
145.91252
145.945856
145.979192
146.012528
146.045865
146.079201
146.112537
146.145873
146.179209
146.212546
146.245882
146.279217
146.312554
146.34589
146.379227
146.412563
146.445898
146.479235
146.512571
146.545906
146.579244
146.612579
146.645916
146.679252
146.712588
146.745925
146.77926
146.812596
146.845933
146.879269
146.912605
146.945941
146.979277
147.012614
147.04595
147.079286
147.112622
147.145958
147.179295
147.212631
147.245967
147.279303
147.312639
147.345976
147.379312
147.412648
147.445984
147.47932
147.512656
147.545993
147.579329
147.612665
147.646001
147.679337
147.712674
147.74601
147.779346
147.812682
147.846018
147.879354
147.912691
147.946027
147.979363
148.012699
148.046035
148.079372
148.112708
148.146044
148.17938
148.212716
148.246053
148.279389
148.312725
148.346061
148.379397
148.412733
148.44607
148.479406
148.512742
148.546078
148.579414
148.612751
148.646087
148.679423
148.712759
148.746095
148.779432
148.812768
148.846104
148.87944
148.912776
148.946112
148.979449
149.012785
149.04612
149.079457
149.112794
149.146129
149.179466
149.212802
149.246138
149.279474
149.312811
149.346147
149.379482
149.412818
149.446155
149.479491
149.512827
149.546163
149.579499
149.612836
149.646172
149.679508
149.712844
149.74618
149.779517
149.812853
149.846189
149.879525
149.912861
149.946197
149.979533
150.01287
150.046206
150.079542
150.112878
150.146215
150.179551
150.212887
150.246223
150.279559
150.312895
150.346232
150.379568
150.412904
150.44624
150.479576
150.512913
150.546249
150.579585
150.612921
150.646257
150.679594
150.71293
150.746266
150.779602
150.812938
150.846274
150.879611
150.912947
150.946282
150.979619
151.012955
151.046292
151.079628
151.112964
151.1463
151.179636
151.212973
151.246309
151.279645
151.312981
151.346317
151.379653
151.41299
151.446326
151.479662
151.512998
151.546334
151.579671
151.613007
151.646342
151.679679
151.713015
151.746351
151.779688
151.813023
151.846359
151.879696
151.913032
151.946368
151.979704
152.013041
152.046377
152.079713
152.11305
152.146385
152.179721
152.213058
152.246394
152.27973
152.313066
152.346402
152.379738
152.413075
152.446411
152.479747
152.513083
152.54642
152.579756
152.613092
152.646428
152.679764
152.7131
152.746437
152.779773
152.813109
152.846445
152.879781
152.913117
152.946454
152.97979
153.013126
153.046462
153.079798
153.113135
153.146471
153.179807
153.213143
153.246479
153.279815
153.313152
153.346488
153.379824
153.41316
153.446496
153.479833
153.513169
153.546505
153.579841
153.613177
153.646513
153.67985
153.713186
153.746522
153.779858
153.813195
153.846531
153.879867
153.913203
153.946539
153.979875
154.013212
154.046548
154.079883
154.11322
154.146556
154.179892
154.213229
154.246564
154.2799
154.313237
154.346574
154.37991
154.413245
154.446582
154.479918
154.513254
154.546591
154.579926
154.613262
154.646599
154.679935
154.713271
154.746607
154.779943
154.813279
154.846616
154.879952
154.913288
154.946624
154.97996
155.013297
155.046633
155.079969
155.113305
155.146641
155.179978
155.213314
155.24665
155.279986
155.313322
155.346658
155.379995
155.413331
155.446667
155.480003
155.513339
155.546676
155.580012
155.613348
155.646684
155.68002
155.713356
155.746693
155.780029
155.813365
155.846701
155.880038
155.913374
155.94671
155.980046
156.013382
156.046718
156.080055
156.113391
156.146727
156.180063
156.213399
156.246735
156.280072
156.313407
156.346744
156.38008
156.413416
156.446753
156.480089
156.513425
156.546761
156.580097
156.613434
156.64677
156.680105
156.713442
156.746778
156.780114
156.813451
156.846786
156.880122
156.913459
156.946795
156.980131
157.013467
157.046803
